1126174,1647,5
1152235,642,2
1144051,8321,4
1303830,11547,3
1138832,134,3
1075119,272,4
1138832,8874,4
1161010,15121,5
1161010,10193,2
1161861,752,5
1161010,289,3
1085964,1128682,2
1036191,9346,1
1021684,5,4
1429963,756,2
1036191,9346,3
1085645,2135,3
1036191,1149812,1
1303830,242,5
1307015,9346,3
1303830,253,4
1273442,2022,4
1446850,278,5
1161010,522,4
1027738,14,3
1144051,813,1
1180818,585,5
1067283,1161588,4
1134664,8587,5
1368963,1577,3
1257480,1777,4
1124936,9268,4
1382434,2493,1
1124936,1041209,3
1022288,608,1
1190820,12162,1
1040573,116,4
1144051,1911,2
1138832,424,2
1264225,585,2
1001585,11547,3
1109859,69,3
1144051,558,3
1180818,855,5
1446850,11547,3
1022288,453,1
1022288,1428,3
1404196,808,2
1223785,37368,1
1197800,524,1
1223785,8916,3
1128056,40807,3
1076847,9346,4
1197800,11547,4
1076847,9346,2
1368963,862,5
1020256,1128682,5
1085964,80385,1
1021684,9443,3
1085964,11601,1
1013490,11113,1
1085964,24197,1
1085964,2978,1
1085964,1055012,5
1404707,2698,4
1098368,2135,5
1085645,522,3
1238659,16219,1
1082764,424,5
1179078,1130761,1
1253717,37368,2
1104295,1585,4
1179078,1130761,3
1144504,2832,3
1144504,88,1
1134664,1491,5
1185628,7555,3
1128351,11547,1
1355208,10555,4
1373862,2924,3
1207819,179,3
1003380,11547,2
1446850,424,4
1242240,2114,3
1128351,435,3
1098368,9346,4
1179078,1130761,4
1185628,14,1
1404762,14160,5
1130879,6075,2
1168350,1083591,4
1100528,414,4
1328086,11529,4
1333831,11688,3
1307015,279,3
1368963,1995,1
1035899,289,3
1001585,8373,1
1242240,826,4
1331945,388,2
1035899,49538,4
1130116,638,4
1085986,5279,4
1138832,11529,4
1347836,11547,3
1303830,7446,4
1303830,4953,3
1429963,9257,3
1303830,7863,4
1096123,88,3
1404707,9529,1
1404762,6282,4
1303830,116,4
1130116,629,2
1008621,1440,4
1429963,451,3
1404707,38356,2
1242240,116,2
1404707,116,3
1333831,5,3
1293482,408,3
1293482,829,5
1386265,90291,4
1350707,5915,1
1333831,9281,4
1293482,345,1
1399170,40807,3
1399170,1019638,3
1185814,214,1
1399170,8587,2
1027785,2062,3
1024273,11253,5
1399170,9870,2
1431502,11967,5
1293482,7979,3
1024273,8489,3
1068882,9346,3
1167793,752,2
1024273,1585,1
1167793,88,3
1068882,9529,5
1145161,10386,2
1167793,1009921,4
1171668,9529,1
1293482,1817,3
1293482,5125,5
1431502,9806,4
1399170,10196,3
1171668,11202,1
1359681,289,5
1068882,9962,3
1399170,603,4
1445052,32909,3
1024273,608,4
1152235,10647,2
1024273,8078,1
1038404,8960,2
1033124,5549,1
1271521,1389,4
1271521,1624,4
1144504,329,4
1103526,9619,1
1103526,116,5
1075268,1369,3
1082895,9655,2
1033124,512,5
1030461,11529,1
1094886,4141,3
1094886,863,4
1220482,2135,3
1022382,1251,5
1022382,9346,5
1143971,1065915,4
1143971,11917,3
1147238,9346,2
1107114,9008,5
1107114,116,1
1184737,2135,3
1006609,941,3
1161115,1270,3
1193381,116,1
1193381,245,3
1445055,14,4
1147238,8326,4
1184737,11566,1
1374578,88,2
1231836,116,3
1143971,141,2
1395154,10193,2
1094886,1495,3
1144504,11547,5
1135437,5,2
1049446,122,5
1308842,16219,4
1308842,872,4
1049446,17609,4
1317289,1891,2
1291391,1647,3
1157253,120,3
1157253,120,3
1157253,120,4
1171447,629,3
1126174,9679,3
1126174,1113078,3
1157253,7191,2
1308842,134,1
1156799,16869,2
1156799,863,1
1421550,197,4
1162875,9836,1
1421550,1359,2
1049446,88,4
1049446,278,4
1421550,9346,4
1156799,11547,2
1156799,8961,3
1421550,616,3
1247795,2135,1
1156799,680,3
1247795,11416,5
1156799,88,2
1156799,2140,2
1130509,96506,4
1156799,2637,3
1247795,1162413,2
1156799,642,1
1156799,289,2
1014807,88,1
1247795,9529,4
1091720,88,2
1254201,9559,2
1176605,22,1
1156799,116,3
1106774,1167262,2
1191532,829,2
1366804,116,5
1156799,1422,5
1145700,14168,3
1095718,10474,3
1228784,398,4
1145700,14168,1
1010093,4551,2
1120716,1140484,2
1120716,116,1
1247911,424,4
1054536,1043701,4
1084267,2135,3
1247911,5966,2
1306474,13448,5
1247911,78,4
1353735,163,3
1095718,11547,4
1364724,279,3
1247911,346,1
1364724,13007,3
1247911,7512,4
1247911,88,2
1145700,7459,2
1084267,9529,3
1218285,942,2
1338166,1491,3
1338166,773,4
1269633,11547,2
1338166,857,3
1054536,11547,3
1218285,59440,5
1054536,36586,4
1218285,164,4
1218285,524,1
1077849,11547,3
1253933,862,5
1178337,1578,1
1195541,1012270,2
1302851,1031713,3
1083526,623,4
1077849,10890,3
1081160,10758,2
1176095,8587,5
1246164,6479,3
1252880,9529,2
1134664,9346,2
1081160,88794,3
1302851,14,3
1056235,1946,2
1134664,11170,4
1150304,18785,2
1295713,15121,4
1081160,2135,5
1081160,9529,2
1040573,2135,3
1297191,3112,1
1081160,9477,1
1297191,197,5
1103526,46705,4
1038404,1850,4
1071531,9888,1
1103526,116,2
1213844,2977,2
1196186,14,4
1213844,808,1
1252880,2135,4
1293957,9475,3
1353735,10720,4
1081160,2135,4
1095718,11547,5
1332367,11547,3
1195541,16614,2
1171431,17578,1
1214458,1970,4
1386895,1923,3
1196186,77,4
1185814,11547,3
1095294,322,1
1081160,1579,5
1081160,4951,1
1095294,180,5
1095294,1955,4
1081160,197,4
1079149,11873,1
1176095,14,2
1332367,9346,4
1081160,121,3
1213844,22538,1
1306474,14,4
1213844,497,3
1296998,77,2
1167105,2034,5
1296998,197,5
1095718,8068,1
1213844,807,4
1052636,364,3
1332367,116,4
1247309,88,1
1157698,2539,2
1085450,121,2
1154561,1164874,3
1332367,1491,5
1056235,10201,3
1308025,348,1
1308025,1141467,1
1137285,603,2
1079149,1246,4
1177933,93,3
1040573,5925,3
1016766,1141467,4
1394837,9487,4
1260120,197,5
1174539,1128682,3
1020256,279,5
1150211,213,4
1150211,13475,5
1418736,856,1
1418736,9353,5
1196186,89,1
1196186,1098164,5
1055147,16869,5
1078536,6278,5
1038404,11529,3
1137285,605,2
1383277,11324,2
1101231,425,3
1252880,22,3
1355729,272,4
1177933,10474,2
1159439,302,2
1355729,88,2
1355729,1124,3
1383277,629,4
1355729,278,4
1340935,16219,3
1161861,3989,3
1313752,571,3
1313752,197,4
1038131,1083592,3
1311768,2011,1
1086779,9346,4
1038131,14,3
1270090,951,2
1130116,1140484,2
1195541,13466,4
1101205,433,4
1373862,921,2
1063960,122,3
1373862,340,3
1041536,137,3
1041536,44758,3
1130116,11323,1
1092617,1139190,2
1195442,37165,3
1022382,767,4
1289251,1669,2
1086779,6477,2
1009051,11978,5
1130512,14160,3
1138188,1061935,1
1177933,116,1
1196596,82384,5
1196596,1166958,2
1048154,866,2
1386895,49538,3
1177933,11547,3
1373862,381,4
1024758,509,2
1024273,275,2
1373862,8326,4
1445485,9277,4
1084394,424,3
1138188,18785,3
1084394,2062,4
1089311,122,3
1054563,1371,3
1237866,296,2
1177933,88,5
1386895,36331,3
1247911,9693,3
1012281,2135,3
1246164,883,2
1138030,1850,2
1040916,10315,3
1335256,8587,4
1335256,629,4
1090979,2135,4
1360978,116,2
1086779,134,1
1030303,27205,3
1012368,8587,1
1030303,27205,5
1246164,11547,2
1024273,11400,3
1307249,16219,2
1162875,783,2
1307249,2323,5
1162875,22804,3
1151598,11416,3
1133333,87,3
1133333,812,3
1289251,1538,4
1133333,252,5
1307249,116,4
1085450,10138,4
1133333,10536,4
1015416,116,3
1307249,5,3
1133333,4148,4
1162875,2135,3
1026225,1271,2
1096862,2118,4
1419612,608,4
1158008,116,2
1138030,5255,4
1022000,558,3
1102439,37368,3
1102439,116,3
1102439,2135,3
1129727,287,3
1247911,9529,2
1054563,11093,3
1054563,11547,4
1101205,36586,5
1063960,9346,3
1016329,5,1
1031012,11113,1
1138030,116,4
1322685,853,3
1247911,24197,1
1322685,88,2
1012802,2293,3
1012802,197,5
1109859,9870,4
1438043,8587,4
1085450,11547,3
1438043,1667,3
1338251,25887,4
1239868,64609,2
1308584,44214,1
1063960,1895,3
1063960,826,4
1091720,9346,3
1063960,36955,3
1419612,2062,3
1361184,11324,4
1109859,9346,4
1213844,280,2
1335272,96506,3
1338251,9346,3
1196693,9319,3
1338251,1585,5
1440104,770,3
1335272,9913,3
1335272,116,4
1289251,6415,4
1022000,1116054,5
1129727,755,3
1440104,808,3
1083526,88,5
1009051,9529,2
1419612,105,3
1419612,9346,3
1075119,205,2
1363545,11031,1
1193959,134,4
1307713,11547,2
1083526,241,3
1372919,116,3
1223785,2039,2
1223785,89577,3
1362681,116,4
1223785,1167263,4
1176156,2135,2
1192207,8587,3
1081992,197,3
1237919,866,3
1192207,77,4
1080513,11601,5
1237919,608,4
1177032,544,5
1061810,5,3
1080513,134,4
1061810,289,4
1307713,11547,4
1157873,4982,2
1012368,872,2
1081992,1970,5
1157873,2135,1
1126252,1878,3
1290479,17654,1
1157873,524,3
1126252,88,2
1031012,94730,2
1103590,550,4
1103590,638,2
1161115,1991,3
1031012,9522,1
1404762,73462,2
1258710,15196,3
1404762,10193,4
1077849,500,5
1077849,11327,2
1192207,116,2
1355208,9346,5
1192207,795,5
1082522,36331,3
1433761,74874,2
1082522,590,2
1244811,1061935,3
1192207,27205,4
1157873,88,4
1015716,524,3
1022382,162,4
1270741,1054866,4
1355208,1024,3
1141317,6557,2
1409308,9346,3
1372919,217,2
1394765,10925,3
1328961,20453,2
1409308,242,2
1394765,792,5
1409308,11973,4
1161115,1091454,2
1077849,37368,2
1150666,22074,2
1431705,2048,4
1159537,1122829,5
1431705,13156,1
1178803,14048,4
1154577,1934,4
1429156,197,5
1175746,11547,3
1290479,20352,2
1429156,11547,4
1154577,36685,2
1100294,69,4
1332972,11547,2
1332972,10377,3
1404762,807,2
1212441,10779,3
1161115,942,3
1077849,807,5
1103590,4953,2
1161115,71,4
1161115,1813,5
1368662,88,2
1026331,673,2
1031012,508,5
1026331,37834,3
1328961,1083988,2
1308842,10328,1
1328961,22881,3
1086326,1083988,4
1146492,5,4
1159537,1579,3
1146492,4104,4
1026331,14462,2
1307713,77,4
1031012,5,3
1418736,14,5
1270741,673,1
1162875,39013,3
1222390,9614,4
1394765,78165,2
1146492,4518,3
1146492,433,3
1143687,118,3
1146492,11529,5
1159537,605,2
1277421,177,5
1035731,77,3
1143687,1830,3
1154577,13,2
1328961,117,5
1328961,11547,1
1328961,3509,2
1045529,116,4
1223785,43539,2
1057794,11547,3
1057794,11547,4
1190820,9836,3
1339970,9346,2
1339970,1430,2
1054466,4517,3
1061019,772,3
1062886,544,3
1062886,1141464,1
1256592,11547,2
1338166,10201,5
1190820,578,3
1404707,2135,4
1103214,1122835,4
1114719,11983,1
1045529,497,4
1114719,2493,3
1246164,1023336,2
1147731,14160,2
1147731,587,5
1149174,11547,4
1235645,9346,3
1246164,606,2
1077849,500,2
1052636,11529,2
1052636,88,4
1052636,10153,1
1141317,16309,3
1052636,1167195,4
1133333,213,1
1071688,13291,2
1071688,808,2
1297202,7984,4
1297202,1271,3
1071688,11778,5
1071688,6435,3
1297202,9346,2
1151322,7863,2
1072191,137,3
1109433,11324,4
1052636,61429,3
1072191,9529,1
1040066,1124,4
1100591,16219,3
1132494,2135,3
1200901,1548,1
1100591,285,3
1092967,27205,3
1109433,1059165,3
1137285,9346,1
1367455,8051,1
1155382,512,4
1155382,116,2
1328086,9346,2
1055037,857,2
1092617,4706,4
1137285,122,3
1092617,608,3
1092617,74874,5
1137285,11619,3
1196186,116,4
1062886,116,2
1239868,1083988,2
1182459,88,5
1404762,522,3
1062886,9358,2
1062886,7873,3
1420278,11529,3
1420278,69,3
1234182,1099279,1
1137285,94730,2
1420278,616,2
1182459,7555,1
1062886,1578,1
1062886,616,3
1008814,22954,3
1103845,22,4
1239868,862,5
1103845,1374,2
1235304,16219,3
1150771,11529,3
1085450,10771,4
1040916,14048,4
1150304,1083592,1
1029044,1041209,2
1090647,77,4
1089829,6477,3
1089829,9529,4
1089829,348,4
1150304,1123822,1
1120371,4032,1
1120371,585,4
1201085,6075,2
1150304,289,3
1156900,497,1
1156900,77,2
1196596,13,3
1196596,8844,4
1089829,1018,4
1024273,82096,3
1128859,1099279,3
1089829,36685,3
1149174,88,4
1154577,38,3
1349140,8456,2
1268715,5,3
1268715,10215,1
1262687,88,4
1398103,37247,5
1138832,279,3
1021684,1083592,3
1154116,37368,2
1305981,561,2
1193712,15,5
1193712,788,4
1290743,11547,3
1128134,11529,5
1290743,88494,4
1290743,2135,3
1077225,69,4
1053204,9502,4
1071072,2323,4
1399170,116,4
1048836,11547,3
1220478,585,3
1200901,10483,4
1301273,13342,4
1020256,408,3
1021684,2268,5
1021684,13633,4
1156799,1141467,1
1307713,55347,2
1088518,2135,2
1239898,116,5
1041536,14160,4
1318564,1055012,3
1137285,9012,4
1290743,279,2
1137285,5,3
1290743,11547,3
1021684,1647,5
1021684,1031781,3
1417447,424,5
1307713,1043701,4
1382434,7446,3
1307713,10193,4
1084238,11547,4
1316932,22794,2
1417447,650,2
1301273,1097104,5
1301273,25,5
1301273,6075,3
1100294,121,4
1138832,49538,3
1193712,9837,5
1193712,7191,4
1392965,10307,1
1353516,22881,2
1392965,8321,3
1316932,11547,5
1162516,9836,5
1274062,9346,3
1021684,1104973,4
1021684,1491,4
1220478,424,2
1355729,51876,4
1138832,311,4
1143896,11787,3
1297998,4515,2
1162516,2135,1
1220478,1271,2
1316932,747,4
1262687,1909,3
1316932,329,5
1220478,857,4
1262687,122,3
1185972,9346,4
1200901,857,3
1064215,88,3
1062886,863,5
1262687,5,1
1316932,8922,2
1147731,616,3
1221749,9281,1
1138832,74874,3
1138832,9955,5
1231836,289,1
1190820,1809,1
1320206,4982,3
1231836,289,3
1033840,14160,2
1312699,9739,4
1168067,2253,3
1217572,2300,2
1242240,14,2
1035899,30197,2
1312699,5,5
1217572,69,3
1168067,2289,5
1083526,44758,4
1100591,9350,3
1394765,11547,2
1176528,6477,4
1138188,18785,2
1089311,1135249,4
1103526,1099279,2
1035899,497,3
1103526,9486,3
1242240,116,2
1446008,37799,3
1316932,657,3
1180876,2832,1
1316932,609,2
1392965,807,4
1316932,1099279,4
1172340,34851,3
1154577,64609,3
1176528,604,4
1081160,1970,2
1178755,6978,1
1316932,84240,2
1190820,9479,3
1312821,9615,2
1092967,11823,3
1217572,16219,2
1217572,11547,3
1092967,88,2
1172340,9289,2
1109501,38903,4
1135508,9637,1
1174659,808,4
1151598,862,2
1221463,11547,3
1038404,433,2
1221463,94730,5
1402379,2135,3
1237866,116,5
1368963,9942,2
1394765,9475,3
1247340,2323,3
1247340,36331,5
1159439,6466,4
1247340,116,4
1159439,197,3
1217572,9346,3
1217572,10734,4
1394765,1166958,4
1217572,116,3
1358698,544,2
1193148,88,1
1438178,65,2
1191532,17654,3
1174138,856,1
1190820,587,1
1185814,116,2
1155382,116,4
1174138,3536,2
1069126,36331,2
1069126,2135,5
1013490,22804,3
1346086,80385,4
1069126,8619,2
1193148,9346,2
1013490,426,1
1159439,1578,2
1247340,8456,3
1402379,10096,3
1394765,11529,2
1174659,122,3
1394765,1375,5
1312821,9346,1
1014378,1895,3
1033972,1043701,3
1014378,9346,2
1324456,11831,1
1103526,863,3
1024438,1251,1
1024438,11152,2
1159439,9346,2
1027554,6637,2
1176095,9342,1
1027554,4512,4
1176095,9346,2
1027554,42325,3
1024438,702,3
1172764,329,4
1135508,65294,4
1135508,4247,3
1152868,1096277,1
1120716,278,5
1010663,1273,3
1180876,857,3
1180876,70601,2
1174138,7863,3
1172764,2503,3
1190820,11529,2
1013490,1895,4
1129049,782,2
1010663,1166958,5
1190820,1422,2
1092967,881,2
1118955,704,4
1135508,1091455,5
1014750,1027184,1
1035899,497,5
1313752,853,4
1313752,1452,2
1147350,120,3
1247911,1061935,4
1221463,116,4
1174998,88,2
1129049,863,2
1103590,9437,1
1320206,524,2
1148623,879,3
1366208,116,2
1196596,49538,3
1035899,35056,3
1166408,829,2
1174659,522,1
1438178,508,5
1394765,807,4
1394765,8619,1
1144051,1023336,2
1150753,11547,3
1150753,8587,4
1273442,595,4
1388826,116,2
1035899,180,3
1278281,9454,3
1220482,1271,3
1101126,7518,2
1191532,9346,3
1180876,4688,1
1085725,9346,3
1331252,116,5
1306604,11603,3
1108573,16025,2
1075119,36685,1
1331252,11547,3
1014750,2135,3
1278281,134,1
1090979,13056,4
1128351,176,3
1008621,11547,3
1147731,496,4
1008621,10474,4
1112234,8913,4
1213723,100279,3
1145272,37368,2
1335256,8193,3
1008621,9346,3
1331252,8012,4
1086079,116,3
1014750,116,4
1331252,813,5
1101126,866,2
1383542,752,3
1331252,9787,3
1036815,609,5
1331252,22538,2
1024273,280,4
1144104,16219,4
1036297,9346,5
1036297,9888,2
1112234,2135,4
1213723,9942,1
1027785,497,4
1147731,856,3
1376131,1141467,2
1147731,903,3
1444349,10201,3
1150771,35,1
1036297,3558,3
1150771,9346,4
1331252,7446,2
1036815,116,2
1353690,788,2
1008621,116,4
1150771,588,3
1008621,2323,3
1040144,11547,2
1359681,2135,1
1008621,5,2
1011892,53214,2
1192207,10158,4
1293482,808,4
1437579,9529,3
1409243,714,4
1027785,197,3
1075119,1547,4
1437579,38408,1
1027785,1140484,3
1086079,2062,3
1444349,568,3
1444999,79718,1
1293482,9346,2
1130979,116,2
1105114,134,3
1036815,587,3
1409243,817,2
1090979,9600,5
1306604,20352,2
1118955,11547,2
1444349,568,2
1312818,62,2
1147731,1170190,1
1371236,941,4
1293482,2309,5
1359681,77,2
1359681,5,5
1008621,1038264,4
1354924,10192,3
1060469,73462,4
1354924,1894,5
1101126,769,5
1433765,9443,3
1308025,746,4
1090979,9806,3
1091720,1113623,3
1060469,180,1
1101231,289,3
1101231,2135,3
1060469,1023336,2
1090979,105,5
1090979,2295,3
1305981,116,3
1105114,1166958,2
1305981,1092800,3
1305981,1091454,3
1008621,9631,4
1170468,1495,4
1170468,77,5
1347836,1124,4
1090979,3432,1
1186226,11031,3
1355208,1092,1
1350707,808,1
1350707,9390,1
1350707,11547,5
1063960,205,3
1138719,10483,1
1350707,2493,3
1350707,712,4
1358719,11547,3
1185814,116,3
1185814,88,4
1433761,120,2
1358719,9476,3
1273442,10586,3
1002672,1954,3
1392490,9346,4
1359681,8587,4
1143539,4953,5
1322712,278,4
1172340,86083,4
1172340,9477,2
1172340,1086902,1
1083111,8321,1
1107114,600,4
1432202,767,3
1363301,176,3
1107114,116,3
1085450,2135,2
1308152,510,1
1308152,9705,3
1174998,857,3
1014807,55347,3
1132494,9338,2
1082895,2639,5
1014750,13053,5
1432202,1271,2
1154570,769,3
1363301,1139190,4
1041536,25941,1
1394837,88,3
1154570,8656,1
1359681,289,3
1154570,9529,4
1014750,1777,4
1217322,1164680,5
1046245,2637,3
1078536,229,4
1078536,10198,4
1292349,88,2
1359681,1547,4
1014807,4944,1
1083111,12,5
1125107,14,3
1154570,116,3
1154570,9390,1
1055147,122,3
1103214,501,4
1154570,11054,4
1055147,13532,4
1034584,2309,3
1021684,49538,4
1252880,92077,3
1252880,116,4
1012723,9346,2
1021684,120,3
1021684,9529,4
1252880,11603,3
1252880,69,2
1030893,1065915,1
1034584,36331,1
1034584,16219,2
1142711,2135,1
1247328,9964,4
1247328,11031,4
1216606,116,2
1364724,8363,3
1034584,605,1
1000693,1095355,3
1000693,11529,2
1061370,94730,3
1438178,826,1
1159537,73,2
1353069,116,4
1030893,9346,1
1164077,9955,4
1168067,585,3
1034584,955,1
1135051,496,5
1027785,10376,3
1131482,872,4
1215643,9502,4
1445777,16219,3
1014807,5,2
1247795,1852,3
1247795,7737,1
1128967,19901,2
1128967,2067,3
1217572,11528,2
1027785,9346,2
1201085,1167263,2
1124178,9434,4
1154561,534,4
1006770,289,1
1215643,424,3
1084372,587,2
1124763,2135,2
1217572,9342,5
1420278,15121,3
1100803,9346,3
1100803,12138,1
1147954,215,4
1147954,11547,2
1150211,816,4
1163347,197,3
1306474,650,3
1306474,7443,4
1176938,2770,3
1394046,1646,1
1333831,8009,3
1394046,9346,3
1133333,6978,1
1333831,509,3
1380633,2135,2
1217322,11529,4
1217322,88,2
1217322,44214,1
1077849,10184,5
1092617,6415,5
1335272,7516,5
1075119,15121,4
1167257,8587,3
1167257,423,1
1151322,378,5
1100591,116,3
1075119,829,2
1150771,6637,5
1306474,709,3
1190379,5966,3
1333831,604,2
1159439,69,1
1029580,37136,5
1075119,455,4
1440104,9346,2
1287219,88,3
1440104,616,3
1052636,48231,2
1045341,13633,2
1029580,49046,4
1052636,9529,4
1029580,1173448,4
1045341,3594,1
1052636,9036,3
1141317,9319,3
1092617,6977,4
1333831,604,2
1130879,9655,2
1246164,11547,4
1251996,15373,4
1180818,509,4
1251996,9285,4
1251996,1113078,2
1335272,10191,3
1130788,53214,5
1287219,9346,4
1440104,5,5
1440104,116,3
1440104,616,3
1271414,116,4
1010744,1147694,1
1271414,13416,4
1151322,165,5
1390693,766,3
1306474,12556,2
1024758,1125,3
1024758,1097104,3
1306474,9285,2
1140030,11529,2
1178755,866,3
1445055,435,3
1215643,11355,2
1049446,116,2
1049446,2005,5
1167257,9346,2
1308842,197,3
1308842,2493,3
1167257,558,2
1308842,1246,3
1151322,1911,5
1090713,11393,5
1308842,9346,3
1157698,10003,4
1254201,1168285,4
1194427,38171,2
1167257,14160,4
1136913,401,1
1151322,116,4
1167257,571,4
1133333,36668,2
1100591,6973,2
1401113,9346,1
1406763,14,2
1395637,96506,1
1157500,116,3
1157500,4982,2
1180818,68924,4
1213914,69,3
1124178,1372,4
1154116,121,4
1154116,9529,2
1158771,11529,1
1154570,808,5
1154570,36647,1
1362251,792,3
1213914,4688,4
1422389,424,3
1105085,500,4
1095231,2135,4
1147731,10386,5
1263273,534,4
1128134,10403,4
1117648,9679,3
1134350,2924,3
1263273,9346,3
1002672,116,1
1031012,9693,5
1186433,4982,3
1346156,11529,2
1079160,6538,3
1164112,810,5
1105085,11547,5
1186433,11400,5
1186433,11529,3
1079160,1578,3
1186433,1166958,3
1217473,3170,5
1217473,2135,2
1327381,11547,3
1150304,826,3
1022000,176,2
1055037,9567,1
1021878,14160,2
1263273,1894,3
1082132,857,3
1263273,563,2
1147954,591,1
1181343,1588,3
1021878,272,3
1147954,11547,1
1105085,1164874,4
1153693,2135,2
1247309,5,1
1299025,920,3
1174057,116,3
1177032,408,2
1235645,1166958,1
1196596,9346,5
1105085,2135,1
1164112,10586,3
1027554,4442,1
1068984,11772,5
1068984,5915,4
1247309,1955,5
1027554,40807,3
1217534,812,1
1147954,122,4
1247795,4806,4
1027554,11287,3
1217534,12102,4
1133333,16025,4
1027554,767,4
1134350,14462,2
1124178,94730,1
1021878,2924,1
1307115,605,5
1239130,88,3
1082895,88,5
1093680,12246,4
1164112,673,4
1164112,435,5
1164112,1124,5
1147954,5,4
1105085,11529,4
1181343,1027184,2
1263273,37136,3
1196596,242,3
1155849,116,4
1206943,2103,3
1196596,89,4
1206943,11529,4
1196596,23742,4
1196596,272,3
1072651,1523,1
1159537,44758,3
1164112,44115,2
1090979,9529,3
1222390,36643,3
1154116,77,2
1359789,9944,2
1263273,534,2
1128134,77,4
1247309,9529,3
1027554,521,2
1247309,25376,2
1027554,408,4
1312818,116,2
1159537,11566,3
1021684,11589,3
1082900,2135,3
1068984,638,4
1320923,121,5
1157500,5915,3
1157500,642,2
1446505,25887,3
1130116,8619,2
1392965,7446,2
1174539,94730,5
1357596,11259,3
1357596,15373,3
1357596,2135,3
1263273,9543,1
1137710,9529,1
1169688,435,3
1247795,44214,3
1082900,22794,2
1174057,2135,4
1174057,2135,2
1100294,9529,4
1100294,121,2
1392965,20174,2
1335337,8961,1
1168350,7518,1
1432271,69,2
1105085,9390,3
1089516,40807,4
1444055,824,3
1311789,673,2
1166493,217,1
1157500,675,2
1041536,5902,2
1041536,28355,2
1431705,16219,5
1075119,116,2
1171976,39254,2
1301273,1115292,5
1375290,141,5
1100294,11880,4
1358698,862,3
1214458,116,4
1358698,14,2
1166493,423,4
1075119,9567,3
1253933,50619,1
1094886,44214,3
1301273,807,3
1346086,11547,2
1139271,196,2
1355729,88,4
1154577,118,4
1354924,9836,4
1090713,88,1
1309434,10483,3
1090713,1060539,3
1309434,192,4
1237866,242,2
1084394,11004,4
1253933,1083480,3
1154577,77,4
1248771,381,2
1353998,116,5
1338166,10009,3
1237866,812,1
1353998,9346,2
1309434,3580,1
1309434,25,5
1237866,2135,2
1355729,9487,2
1102408,1168285,5
1232172,7737,3
1139271,4922,3
1090713,5,4
1006609,1141467,3
1353998,4513,4
1335337,8914,2
1306835,424,1
1222390,6964,2
1029044,1271,4
1232172,65,3
1262928,24197,5
1353998,18947,3
1172764,10358,3
1262928,9386,3
1018654,807,4
1147731,58,5
1060816,2275,2
1154577,1895,4
1076109,616,4
1358698,4982,3
1248771,571,4
1353998,11547,4
1353998,11547,2
1135437,1160674,2
1083111,653,2
1166493,32909,5
1166493,44214,3
1029044,8390,5
1353772,423,5
1234182,4638,5
1082764,9477,1
1082764,11969,3
1018430,45269,2
1206943,3085,5
1295713,672,1
1104416,2771,2
1295713,10144,5
1166493,11324,3
1320206,9346,5
1018430,9693,3
1444556,862,4
1176156,5,3
1084738,615,2
1082764,16219,1
1055147,403,3
1158008,8326,2
1006609,4442,1
1095231,769,3
1253933,578,1
1237866,137,4
1301273,12,3
1006609,558,2
1128134,752,3
1006609,752,4
1368963,1098164,5
1029580,388,1
1029580,88,3
1326459,14168,5
1272867,16219,3
1239898,11547,4
1196596,673,3
1239898,525,3
1375722,9471,1
1284366,36647,1
1186505,9346,3
1176095,1894,2
1006609,425,3
1272867,10386,3
1269633,9489,2
1269633,16025,4
1368963,1571,2
1368963,11547,5
1015245,863,4
1269633,179,4
1269633,804,4
1029580,1487,5
1096123,9366,3
1004046,423,5
1098368,79718,3
1021684,16219,3
1357038,2293,5
1368963,279,2
1021684,36819,2
1006609,4982,3
1012368,9836,3
1096123,11324,4
1269633,673,4
1272867,5,5
1272867,240,3
1096123,768,4
1096123,10784,2
1096123,88,5
1367663,45612,2
1294969,2062,5
1029580,78,3
1239898,5,3
1294969,22804,4
1239898,8195,3
1258710,1251,2
1258710,10158,4
1128134,1715,3
1101205,2667,4
1158323,17332,2
1101205,1577,2
1201221,752,2
1010663,326,4
1101205,2135,2
1030653,10559,3
1392490,1624,2
1030653,9532,4
1081992,71014,2
1165964,5,4
1010663,197,4
1010663,1078391,2
1133333,673,4
1133333,16996,5
1133333,285,5
1027554,9707,5
1133333,14,2
1133333,914,4
1132913,77,2
1038131,9836,4
1138832,19959,5
1235645,6978,1
1138832,883,2
1138832,2539,2
1399170,77,1
1101205,118,4
1399170,14168,3
1079149,616,2
1138832,1078359,2
1392657,1074618,4
1392657,8872,2
1085986,38171,3
1140732,71174,4
1445055,1005989,2
1140732,863,4
1140732,9346,2
1140732,11529,2
1027250,116,2
1126174,714,3
1174659,9836,2
1094886,14462,3
1022583,9479,3
1027250,116,5
1094886,7985,2
1246164,141,2
1009442,11336,3
1438178,767,3
1094886,2135,3
1082132,746,3
1237919,642,1
1077849,11547,5
1140732,534,1
1302851,9346,2
1295713,1141467,1
1237919,116,3
1392490,1547,2
1077849,1141467,4
1174659,920,1
1150211,769,2
1445055,9529,1
1125107,6415,3
1027250,9739,3
1094886,5,3
1094886,11529,1
1214881,9374,3
1295713,795,5
1295713,12405,1
1404196,7131,2
1076109,1167195,4
1076109,12405,1
1030327,9346,5
1030327,2062,1
1312699,7942,3
1268349,105,2
1132494,9621,5
1038404,9614,2
1161115,9767,4
1316932,36955,5
1312699,2667,1
1312699,8051,4
1063989,7555,3
1271414,680,2
1218796,10712,2
1218796,11527,3
1234130,289,5
1371248,279,2
1178337,37303,3
1392965,1135821,1
1027554,676,2
1038131,453,5
1308584,426,2
1103356,11547,4
1371248,8068,3
1145272,37368,2
1263273,10714,2
1086779,2100,1
1263273,19901,1
1095178,36819,1
1306474,9346,2
1056106,39254,3
1181343,8587,2
1055503,11547,3
1306474,9806,2
1413766,11393,1
1068984,122,4
1134482,197,5
1068984,36685,5
1312821,11547,4
1134482,116,2
1095178,322,2
1337658,2118,4
1134482,275,2
1297355,14,3
1056106,11547,3
1264225,1430,1
1333831,11547,2
1335272,525,3
1308152,184,1
1134131,10144,4
1168350,1422,4
1134482,134,2
1134482,16219,4
1297355,15121,2
1112234,43933,1
1218796,49046,2
1143971,1491,1
1126174,1586,2
1305981,116,4
1445055,11547,3
1084056,11860,4
1307249,1402,4
1413766,75836,4
1413766,3082,3
1413766,433,3
1264225,812,3
1134482,1064297,4
1284366,1443,2
1264225,1430,2
1134482,77,3
1319745,9529,5
1143971,118,1
1169688,9529,2
1143971,9772,4
1169688,712,4
1288476,10201,2
1112234,1095035,1
1112234,951,2
1355208,2048,4
1253933,16219,5
1022382,5175,2
1271840,88,3
1321610,862,4
1271840,2493,3
1134131,11775,4
1143109,88,3
1054563,1119279,3
1112234,2294,3
1054563,11547,4
1268715,1389,4
1145272,5,2
1445055,88,3
1239130,5279,5
1104295,1078391,2
1392965,766,4
1217628,9346,3
1404707,9529,1
1446850,36647,2
1218796,134,3
1038131,1267,1
1026225,88,4
1095178,1041209,3
1413766,116,3
1145700,829,2
1178337,812,2
1027554,88,5
1178337,252,3
1308152,5,4
1446850,8373,4
1178337,12225,2
1218796,862,2
1445055,116,2
1095178,1097590,2
1134482,2064,2
1445055,37368,4
1442878,4688,3
1033647,9741,2
1355208,11820,3
1445055,11397,4
1095178,45269,3
1392965,2640,4
1307249,116,1
1308152,9346,2
1022583,1082916,3
1297355,22538,5
1103590,1669,4
1103590,1592,2
1063960,431,3
1134482,9667,5
1133333,11547,5
1095178,1813,1
1011698,12,3
1011698,1141464,3
1315101,872,1
1315101,9476,3
1174539,16219,3
1340816,1894,3
1390981,116,2
1392490,1587,5
1392490,218,2
1213914,525,1
1048154,11529,2
1048154,2135,3
1117648,13,2
1103590,37165,1
1103590,1147694,4
1052532,2135,5
1036815,9346,3
1192207,1729,1
1174539,11547,2
1027738,8952,3
1101205,11013,1
1115613,2062,3
1040066,176,2
1103590,252,3
1340816,11449,3
1103590,44943,1
1103590,97,2
1271521,1119279,5
1172418,116,4
1268715,643,2
1095178,10555,3
1367663,9888,2
1194427,289,2
1405821,11547,5
1280077,9675,4
1239868,680,1
1036815,11547,3
1213914,16309,4
1268715,2832,3
1083111,20504,4
1352753,2135,3
1307015,1892,3
1076128,4474,3
1335272,7131,3
1394765,9894,3
1101205,920,1
1027738,1495,5
1002672,319,5
1027738,12263,5
1027738,9614,5
1254369,8053,4
1394765,9346,3
1027738,335,2
1029580,9942,4
1352753,36685,4
1399170,1970,4
1167646,10195,5
1083111,16219,4
1131782,10403,5
1175276,9366,3
1196596,10201,3
1030720,8054,4
1312699,6977,3
1312699,587,3
1096123,88,2
1014807,9620,5
1027738,4688,3
1155382,9614,2
1014807,116,4
1078536,1892,2
1238660,605,2
1238660,594,5
1352753,1099279,3
1254369,462,2
1273464,629,3
1006609,186,4
1254369,77,3
1238659,88,3
1147238,863,2
1254369,581,1
1095178,36669,3
1002672,1428,1
1193712,524,3
1117648,1019638,4
1307015,921,3
1171886,4169,4
1167105,9631,3
1406132,88,1
1147238,423,3
1077849,14168,4
1030720,2667,3
1254369,88,4
1055147,40807,4
1055147,17654,4
1315101,2787,5
1040192,88,2
1055037,9741,3
1319574,116,4
1040192,9346,2
1185972,44758,5
1269633,11547,4
1431705,88,2
1353690,1097590,3
1234182,581,4
1072191,2898,2
1234182,120,2
1103845,64353,3
1375722,772,3
1027250,4474,4
1010220,197,4
1287219,1164874,3
1089829,10358,3
1147350,500,2
1105114,120,1
1319574,559,5
1157698,79718,2
1033972,134,2
1105114,488,3
1307015,921,4
1033972,616,2
1353690,11547,1
1308025,2503,3
1353690,16309,2
1186433,73,2
1168067,10758,3
1092967,16869,5
1291391,408,3
1157698,22881,2
1322712,812,3
1015438,145,3
1381950,9346,5
1092967,9671,4
1063989,77,3
1291391,65,3
1353998,68924,2
1147350,88,3
1147350,22972,4
1251917,1026678,1
1118955,829,2
1251917,7443,4
1251917,165,2
1320206,9477,3
1196693,2698,2
1268715,1081167,4
1033972,9292,5
1291391,1894,4
1046861,424,4
1291391,9529,2
1046861,11172,3
1381950,2135,2
1046861,10536,3
1145381,10972,4
1015438,524,1
1309514,2135,2
1381950,9346,3
1353998,808,4
1063989,213,4
1383542,500,4
1381950,512,2
1145381,1402,4
1309514,9346,5
1103845,1161932,5
1079149,1369,2
1063989,54655,2
1138030,58496,4
1367663,8961,4
1367663,2268,4
1145381,71,2
1320206,605,3
1320206,16219,4
1157698,9346,3
1145381,77,1
1368963,11287,4
1057794,769,3
1129484,197,3
1145381,512,2
1033972,11775,2
1368963,9870,4
1101205,47808,1
1135437,60308,3
1135437,16219,3
1145381,118,1
1367663,1850,3
1368963,3090,2
1089964,7512,4
1118955,817,2
1368963,9390,5
1303830,16869,4
1118955,116,5
1092967,37799,3
1353998,2493,1
1012802,783,3
1371236,279,4
1140732,2755,2
1125355,4982,3
1125355,11529,3
1103845,12405,3
1186490,116,3
1103845,812,3
1092967,37368,2
1012368,829,5
1371236,638,2
1103845,524,1
1371236,186,5
1371236,4771,2
1092967,11969,3
1092967,90,4
1159537,812,3
1244160,116,4
1147350,122,3
1137025,11547,2
1089964,16219,4
1154840,1374,3
1371236,19908,3
1371236,4836,2
1103845,11529,4
1371236,14836,2
1287219,77,3
1160443,10145,1
1145381,1402,4
1109151,116,2
1109151,116,5
1015438,3170,2
1092967,11873,1
1135437,122,3
1103845,821,1
1303830,2655,2
1145381,1091455,3
1147350,122,2
1103845,116,3
1303830,120,1
1168067,8373,1
1189800,534,3
1089829,603,2
1291391,3683,3
1033972,9506,4
1089829,9529,3
1309514,10192,2
1089829,11529,2
1338166,824,5
1093680,1086902,2
1085450,97794,4
1029044,9932,4
1178755,37430,4
1089829,3114,3
1159537,4464,2
1324502,11547,1
1075268,9529,5
1012802,9346,2
1203405,3090,2
1196693,36668,4
1203405,7970,4
1092967,1725,1
1189800,1099279,2
1135437,9346,5
1168086,4771,3
1027250,1095355,5
1189800,1098164,2
1189800,2135,4
1168086,638,3
1033972,8321,4
1436389,1480,2
1203405,509,1
1297998,11547,4
1057794,152,3
1011792,9621,2
1027250,10193,3
1006017,2135,2
1167257,5,4
1027250,4688,3
1033972,77250,4
1026331,9532,2
1029044,116,4
1026331,88,1
1006017,3170,5
1251917,1894,1
1128351,38,1
1334890,1141467,4
1128351,5,1
1088484,674,4
1027250,14306,5
1088484,36685,2
1026504,9529,4
1154570,10648,3
1088484,423,4
1392965,2322,3
1392965,1588,3
1272867,414,1
1238660,38575,3
1337658,9340,5
1168350,524,3
1211364,1271,2
1026504,9346,3
1406965,73,3
1013490,27205,4
1272867,1104630,4
1088484,1266,4
1088518,5,4
1244908,1367,1
1272867,16614,2
1154570,9346,1
1154570,817,2
1013490,2924,2
1128351,783,3
1392965,88,3
1154570,8960,4
1272867,6415,4
1392965,16219,4
1244908,41402,4
1150211,820,4
1046861,981,3
1054563,920,4
1396560,7350,3
1046861,862,1
1309514,60308,1
1150211,275,1
1078536,289,1
1319574,212,3
1165964,5,4
1319574,8656,2
1186505,348,5
1102408,9346,3
1102408,2023,2
1150555,1063326,3
1143971,84240,2
1130512,1051,3
1130512,2135,4
1216606,77,2
1269564,9768,5
1258710,9529,2
1038007,9346,4
1130512,857,2
1165964,77250,2
1172429,9659,4
1055147,2616,5
1055147,9346,1
1143971,116,3
1130512,866,2
1141317,2135,5
1284359,25,4
1141317,35791,2
1076109,9922,1
1141317,15,3
1130512,14160,3
1284359,9285,2
1102408,8009,3
1076109,8960,4
1102408,1422,4
1102408,826,3
1102408,9346,3
1303847,90,3
1253545,9693,4
1027554,9631,1
1024273,4958,3
1320206,11836,1
1406965,1038264,2
1054013,863,4
1303847,9778,4
1303847,2135,1
1327381,2135,2
1355208,6978,3
1355208,11547,2
1355208,94730,3
1213031,9667,3
1092617,408,1
1092617,8834,3
1092617,4638,2
1406965,9529,4
1406965,796,5
1150211,1495,3
1257985,56292,2
1213031,329,3
1150211,2253,2
1323126,5915,2
1213031,9346,5
1323126,2062,5
1257985,512,2
1399421,335,5
1336404,8844,1
1161115,1023336,2
1141317,2135,3
1016103,9529,5
1096123,37165,3
1016103,424,4
1161115,11259,1
1016103,10637,3
1185628,1777,3
1154561,88,4
1072800,9885,2
1399421,19913,2
1312699,55725,3
1399421,1893,4
1295713,1097590,4
1161010,5143,5
1214134,1667,3
1161010,134,1
1214134,116,5
1319574,116,5
1319574,11547,3
1353516,1656,2
1214134,37303,4
1312699,424,4
1412729,37303,4
1312699,2023,3
1214134,9529,4
1306604,500,4
1319574,807,5
1092115,88494,4
1011792,58,1
1305981,1128278,3
1306474,122,1
1096123,88,2
1372919,675,2
1096123,1075851,1
1000693,8871,3
1267656,11529,1
1440104,2062,5
1421473,1402,4
1129439,1537,4
1353516,186,3
1040066,11529,3
1363545,116,2
1200824,37958,4
1440104,2135,4
1150176,10830,3
1271414,20504,3
1150176,9346,2
1305981,11547,1
1040066,28,5
1319574,11547,3
1114719,584,3
1203405,4108,3
1040066,9355,3
1150176,7214,2
1368562,8367,2
1109433,1140484,3
1154561,2118,4
1147238,38,3
1214134,9268,5
1372919,3175,2
1336404,424,1
1156704,26390,3
1156704,44115,3
1214134,14,3
1306604,120,2
1161010,1059165,5
1035731,116,5
1185628,8367,3
1035731,10637,5
1185628,16869,1
1096123,10145,3
1263273,587,4
1185628,11529,5
1421473,10590,5
1271840,9529,2
1445777,77,4
1271840,76025,3
1353516,11113,2
1000693,829,1
1000693,44214,4
1353516,11439,2
1156704,1592,5
1244750,1491,1
1228330,10456,4
1271840,1059165,2
1353516,5,2
1336404,1985,2
1083711,615,3
1000693,2135,5
1353516,13389,2
1251917,8699,3
1353516,4147,3
1265777,1082916,2
1041536,36586,4
1068984,278,3
1265777,14013,3
1052678,5,2
1041536,7131,1
1041536,7191,4
1041536,9353,2
1295713,275,4
1386895,826,1
1176156,116,5
1141317,9529,3
1109433,752,2
1109433,824,4
1312699,9718,2
1095718,2164,2
1167257,1166958,2
1312699,116,4
1115613,11529,1
1085645,497,1
1115613,862,3
1335272,7446,2
1295713,9377,4
1176156,88,3
1176156,37368,3
1253933,16,5
1130879,38903,3
1077225,14,4
1095718,497,4
1077225,425,2
1436243,116,3
1235645,88,4
1151322,9428,3
1089425,624,1
1147731,116,4
1335272,11044,3
1355729,27581,1
1328086,11547,3
1235645,218,2
1282439,1083591,2
1147731,196,3
1193712,10096,1
1147731,152,5
1368963,71,2
1368963,37368,3
1312699,105,3
1312699,713,2
1247309,11547,4
1239868,1173356,2
1160342,863,2
1175276,1491,3
1167257,855,2
1282439,855,3
1175490,1903,3
1217572,4951,2
1217572,2493,2
1012368,279,2
1339465,252,4
1320923,2062,4
1021684,9529,3
1160376,857,4
1001640,807,2
1315101,9533,2
1027785,398,2
1046861,37136,4
1315101,956,3
1315101,11873,4
1035899,1892,2
1095718,862,3
1175490,8469,2
1328086,96506,4
1175490,9346,4
1235645,857,3
1328086,862,4
1431705,8922,1
1061370,11551,4
1431705,2048,1
1089425,121,4
1315101,9346,3
1167257,9338,3
1253933,9705,1
1010093,275,5
1217497,16996,4
1217497,137,3
1315101,88,3
1217497,2062,4
1027785,252,1
1159439,30197,1
1089425,88,2
1175490,116,2
1253933,680,4
1147731,9346,3
1263273,8374,2
1218796,12182,3
1009906,77,2
1253949,8871,2
1129727,13,5
1175490,29610,2
1307115,36685,3
1297526,11547,1
1027785,585,3
1307115,10603,2
1159439,11826,1
1061853,5255,3
1061853,45269,2
1217497,37368,2
1355729,69,4
1269564,13,4
1096178,37799,3
1244160,116,3
1253933,272,5
1200901,73,3
1041536,11547,3
1130979,2502,3
1122215,116,3
1115613,11852,3
1172418,11547,2
1136113,676,4
1217572,424,4
1244160,1128682,5
1244160,524,3
1055037,9346,1
1001640,672,5
1087684,7459,2
1160376,9529,2
1063155,184,3
1244160,77,2
1191957,8487,2
1237919,1135249,1
1244160,44214,2
1126945,1991,3
1246164,287,3
1105114,278,4
1105114,9434,2
1082202,1112704,3
1082202,9326,3
1015716,9529,4
1237866,553,1
1060469,1246,2
1353772,1164680,2
1103214,11529,3
1102408,1122835,4
1054013,9529,3
1054013,1271,4
1246164,1128278,4
1021684,71,3
1272856,8587,3
1353772,9346,5
1082202,604,5
1012368,585,5
1246164,1895,3
1027554,116,4
1335272,483,1
1103526,1891,4
1379551,2300,4
1027554,9477,3
1001585,1060539,3
1027554,11547,4
1150771,116,4
1154577,10138,3
1150771,10193,3
1150771,2667,4
1126945,9346,3
1138719,11529,2
1162875,11621,3
1105114,116,1
1154577,11547,2
1046245,7270,4
1156900,5,2
1027554,2755,2
1213914,240,3
1213914,1149812,4
1015396,5915,2
1129484,10771,1
1026331,11977,4
1154577,1151714,4
1271720,862,3
1100054,10890,5
1271720,5,2
1283503,116,4
1266228,1128278,5
1100591,10730,5
1364928,231,3
1271720,14168,5
1266228,197,1
1201085,615,2
1246164,865,2
1082202,1452,1
1213914,433,2
1213914,91739,1
1246164,8587,3
1011133,1895,5
1100591,2655,3
1445052,97,3
1103526,14,5
1217473,534,4
1392965,11013,4
1178755,2118,2
1045341,116,2
1387806,12246,2
1076891,1729,5
1082202,9346,3
1246164,22798,4
1076891,1083592,3
1237866,1031479,2
1445052,197,3
1246164,408,3
1335272,17609,2
1029044,116,5
1007288,11547,3
1373338,80385,4
1045341,11547,3
1100591,922,3
1035899,180,2
1213723,11778,3
1180876,6637,1
1035899,88,3
1016353,769,3
1021684,4964,2
1237866,378,2
1100591,5137,4
1237866,561,3
1144051,11631,2
1237934,162,2
1177933,424,3
1015716,9342,3
1015716,5175,2
1015716,88,2
1015716,812,4
1027554,9479,5
1246164,11529,1
1331252,8009,5
1220478,88,1
1372395,6957,2
1363301,65294,5
1076109,521,3
1213723,90291,3
1027554,9346,4
1213914,16219,5
1246164,4108,3
1082202,1124,3
1100591,5,1
1195442,1585,2
1068984,6977,3
1246164,435,3
1100591,90291,4
1232120,475,2
1027554,672,3
1104067,862,3
1096869,2119,4
1171431,962,2
1171431,6538,2
1150771,903,1
1283503,20504,3
1217454,6978,2
1392965,9482,5
1396560,9889,1
1283503,2135,3
1445777,9346,3
1017127,612,1
1372395,1422,4
1293482,9360,4
1445777,9800,1
1045341,5,4
1076109,7737,3
1234182,6075,3
1045341,71,4
1076847,44115,5
1359789,424,5
1076082,942,5
1007288,22954,2
1076109,1495,2
1017127,1023336,2
1102408,604,2
1161861,680,2
1158008,73,4
1088484,9477,2
1088484,289,4
1193959,7942,1
1017127,9480,3
1088484,9477,1
1161861,2135,3
1161861,921,1
1301273,4169,4
1166870,77,3
1017127,1141467,4
1336404,10529,3
1293482,62568,1
1293482,2637,3
1293482,8009,3
1293482,1091454,4
1301273,9529,4
1429571,22881,2
1429571,817,3
1338166,134,4
1021878,9754,2
1293482,6538,5
1293482,1060539,2
1088484,73,3
1088484,289,1
1088484,9487,3
1359681,421,4
1301273,9346,3
1359681,37247,5
1293482,116,2
1021173,1167262,3
1101231,289,3
1026504,2503,1
1248771,1246,3
1137454,10144,3
1388826,11152,2
1388826,1156538,3
1388826,5,4
1248771,1167261,1
1248771,17578,5
1224943,8649,5
1338166,1164874,2
1290479,1083988,1
1021173,1852,5
1100637,1955,1
1388826,680,4
1388826,9346,3
1338166,11547,2
1388826,4517,1
1137454,2252,1
1052678,770,5
1182415,197,3
1164077,921,2
1134482,73462,4
1357596,857,3
1312821,41283,2
1357596,11778,2
1312821,24197,4
1312821,11529,4
1312821,116,3
1312821,88,2
1312821,116,3
1193959,9741,3
1096869,4512,3
1052678,1213,3
1193959,44214,2
1069126,77,2
1144833,650,4
1357596,1143079,4
1193959,1892,1
1069724,10196,4
1297191,9346,2
1326459,4982,4
1326459,74893,3
1221463,431,3
1221463,11529,3
1237866,680,4
1237919,1592,1
1253717,77,1
1221463,11547,4
1221463,55931,2
1221463,879,4
1100294,11778,4
1244908,116,4
1069126,864,4
1010744,25887,2
1010744,1523,3
1235645,18,2
1201085,197,1
1253717,116,5
1201085,27205,5
1130979,215,3
1244811,10184,5
1189977,1097590,3
1191532,11969,2
1040573,77,3
1217473,9346,2
1191262,2135,4
1333831,9372,1
1189977,1147694,3
1171923,9346,2
1189977,9529,3
1017127,9427,2
1191532,59436,1
1129484,11547,3
1394765,8922,5
1394765,11547,3
1136072,1251,4
1130879,15,4
1130879,426,2
1394837,920,1
1333831,7840,5
1355729,1031479,4
1129484,2253,3
1090647,11547,3
1090647,13,3
1135683,116,3
1213031,11974,4
1213031,4566,4
1357596,5,2
1181343,7555,1
1014807,9533,2
1217572,9346,3
1090647,603,2
1084372,10376,3
1159537,1992,3
1150211,1832,3
1088273,77,3
1288476,4982,3
1135683,74893,2
1024961,9767,2
1268715,197,3
1080513,1537,2
1131199,12182,4
1131199,9346,1
1131199,65294,3
1080513,704,4
1131199,9346,1
1371236,11547,5
1050425,11547,1
1050425,5,4
1030653,16219,5
1371236,1735,1
1366722,762,3
1167017,9346,2
1095294,1081167,4
1023280,9340,2
1095294,9346,4
1234182,10758,4
1120716,9346,1
1436389,11547,3
1150211,71688,3
1088280,7191,4
1088280,9614,5
1193712,571,5
1193712,8413,2
1193712,2654,3
1014807,1487,4
1268715,11603,5
1355729,44214,2
1392657,5915,4
1355729,1166958,5
1371236,1992,3
1105536,14,5
1144504,38,3
1341765,634,3
1026331,424,4
1174539,22794,3
1375722,646,2
1135437,9870,5
1144504,578,2
1144504,921,1
1120716,483,2
1402959,10730,2
1027738,45377,2
1120716,10764,2
1027738,1892,2
1135437,1647,4
1288476,2118,3
1135437,116,3
1370497,1141457,3
1366804,9346,2
1301916,1086904,3
1314811,7518,1
1071531,1081167,4
1117648,603,2
1314811,1088,3
1088280,1832,1
1409243,1893,4
1079149,15121,3
1288476,8871,3
1149174,13804,2
1063960,116,4
1093326,1104973,4
1079149,603,4
1079149,1083592,2
1093326,862,2
1150211,658,3
1312124,115,1
1237919,857,4
1070227,289,4
1181343,9346,3
1253933,550,3
1322685,12,3
1144504,77,3
1048842,1422,3
1131199,11529,4
1048842,38171,2
1040066,11547,2
1371236,754,1
1071531,676,2
1159537,11678,3
1216944,120,4
1063960,16219,1
1137454,58574,3
1440104,88,4
1024273,1372,3
1026331,19666,4
1096178,10776,2
1431502,10776,3
1090647,7299,3
1026331,453,5
1024273,11823,4
1324502,10201,2
1290743,88,2
1144504,1091454,4
1086326,88,4
1324502,13,1
1181343,116,3
1040148,116,2
1090647,9346,3
1344285,676,4
1090647,21208,3
1137454,16219,5
1090647,5,1
1257480,710,5
1033647,8321,4
1126252,858,4
1150211,2655,3
1306604,4512,3
1256592,2898,1
1015081,41283,4
1167257,11416,3
1234182,88,4
1411805,23483,3
1033647,16219,3
1344285,116,1
1090647,9346,2
1328086,8272,1
1341708,11529,4
1154577,9348,2
1125355,9346,3
1307115,13260,4
1445485,364,4
1341708,638,5
1328086,8272,1
1415018,426,1
1307115,13260,4
1167646,378,4
1088280,36668,4
1167646,492,3
1167646,7345,5
1125355,1019638,2
1167646,7984,2
1167646,378,3
1415018,647,4
1185814,36331,3
1258710,11529,2
1024961,27205,2
1362251,94730,4
1297191,218,4
1415018,348,2
1072191,600,2
1009442,8373,3
1415018,595,1
1356034,4553,3
1012281,22,2
1258710,4147,4
1072191,14,4
1062886,88,1
1147238,44214,3
1062886,9386,3
1062886,11860,3
1034584,2048,2
1327381,15121,4
1305613,629,1
1034584,1157751,2
1361184,6477,2
1172886,808,4
1216944,672,1
1154577,11449,4
1223785,9296,3
1099582,2135,4
1150211,11054,5
1088280,2135,2
1071531,1729,4
1088280,1083591,1
1151097,7459,5
1272867,9479,4
1151598,1164874,2
1353735,22798,1
1088280,9346,5
1089829,1372,3
1193148,9675,4
1258710,153,2
1007002,18785,5
1415018,86083,3
1272867,16219,3
1394837,2135,2
1415018,2100,5
1328086,9346,4
1370750,88,5
1182473,866,1
1328086,4958,3
1328086,9529,2
1071531,11529,3
1247442,2616,4
1415287,13027,3
1247442,2454,1
1075119,205,2
1411805,2493,5
1271414,1161932,5
1073647,1124184,3
1081631,1065915,3
1007002,9346,3
1234182,22538,2
1216446,1593,4
1234182,492,2
1353735,116,3
1353735,1059165,2
1297191,16219,2
1167646,1059165,3
1154577,38575,2
1404762,497,4
1167646,10313,5
1185814,2255,3
1185814,11547,2
1271414,423,4
1383111,9529,5
1271414,197,3
1244160,2135,2
1354038,2539,4
1185814,11013,3
1353735,5,2
1244160,862,2
1048154,116,2
1034584,78165,2
1034584,16025,2
1415018,1089,4
1167646,654,4
1307249,3489,5
1305981,5,3
1353735,14748,2
1117648,4247,3
1305981,1266,2
1117648,69,3
1159537,2179,1
1147238,1587,5
1147238,4922,4
1254692,9529,4
1029044,496,3
1166790,11547,2
1016103,279,3
1109433,60308,4
1185814,85159,2
1109433,69,1
1126252,122,3
1011133,1892,2
1291946,10022,2
1254692,857,2
1011133,808,3
1120716,829,4
1312821,378,1
1185814,51497,4
1312821,921,2
1010663,116,3
1010663,78,2
1316932,105,4
1131782,29610,1
1117648,16219,5
1117648,4421,3
1250279,287,4
1071688,10730,4
1018654,84240,2
1411805,134,4
1018654,197,3
1368963,322,2
1283601,9928,1
1117648,534,4
1204624,497,3
1161010,1038264,2
1117648,2135,5
1202626,1083592,2
1161010,37136,4
1246164,26389,1
1369732,11547,3
1316932,629,3
1305613,364,5
1316932,24197,2
1283601,18196,5
1171447,408,4
1037011,77,4
1076109,120,4
1204624,1587,2
1069126,2034,3
1204624,116,3
1117648,116,2
1174138,36647,3
1174138,20504,4
1445052,824,3
1129484,6978,3
1135051,674,3
1089742,4982,4
1250279,2503,4
1124936,11529,3
1217628,116,2
1117648,2135,2
1217628,525,3
1232172,279,2
1085645,5,2
1167449,381,4
1196701,186,3
1273464,241,4
1308152,11974,1
1167449,96,2
1176095,22,3
1136913,8587,4
1167449,856,2
1027738,9346,4
1147731,9366,1
1027738,1562,4
1174057,1086904,2
1027738,4474,3
1027738,11547,1
1354468,2135,3
1027738,5,4
1038404,525,3
1176095,8456,3
1016766,9529,3
1114719,9352,1
1114719,1648,3
1161010,64648,2
1306604,862,5
1305613,788,2
1150176,9285,4
1136913,3090,3
1177933,9346,3
1150176,11547,5
1137285,1160674,5
1305613,2289,4
1177933,186,1
1307249,213,1
1445052,414,2
1306604,11631,3
1306604,44214,3
1257538,1593,3
1054466,116,2
1202626,88,3
1014807,578,1
1016766,5559,3
1085986,600,3
1154116,20504,2
1150666,612,4
1171447,77,2
1171447,11547,3
1010663,674,3
1159537,943,3
1089516,853,4
1011892,9529,3
1089516,638,2
1164077,289,3
1007215,120,5
1171447,2252,2
1007215,11529,3
1103526,164,3
1362251,116,1
1173196,9489,4
1172764,10376,3
1093713,857,1
1164077,34544,2
1056235,9346,3
1103526,1061935,2
1167257,1166958,5
1093773,1422,4
1128134,1128682,1
1173196,34544,4
1145381,985,4
1145381,11547,4
1145381,714,2
1173196,11259,5
1434598,625,2
1431502,1164874,3
1079993,11547,4
1079993,603,4
1217628,1372,3
1267064,14013,4
1093713,11416,5
1217628,553,3
1355208,1171867,5
1346086,4476,1
1346086,3989,3
1445805,378,3
1445805,424,5
1217628,9346,5
1319574,88,1
1355208,84240,2
1297191,553,1
1217628,10734,2
1217628,10764,2
1404762,3090,1
1014807,824,3
1404762,1135249,1
1172418,1060539,5
1201085,752,3
1201085,94730,1
1201085,122,2
1084394,116,3
1014807,2059,3
1159439,116,4
1297191,13051,3
1201085,14,2
1347836,116,3
1181343,600,2
1316932,1091455,1
1293957,205,4
1250279,2044,5
1181343,44758,1
1181343,5925,1
1390693,9346,2
1293957,77250,3
1254369,2135,2
1181343,2135,1
1316932,603,3
1390693,289,2
1390981,64609,3
1316932,16219,2
1315101,9529,5
1411805,9480,1
1315101,11547,2
1411805,1091454,3
1034809,116,2
1163934,2135,4
1293957,2924,4
1315101,981,4
1181343,674,2
1181343,21208,1
1315101,1865,4
1084238,6977,5
1335272,88,3
1103590,5,2
1084238,2135,3
1102439,94730,1
1382434,284,4
1309434,424,4
1335272,11774,4
1440104,820,4
1175746,86083,3
1175746,245,2
1175746,9529,1
1083111,45269,2
1083111,1053026,3
1157500,8844,1
1102372,8838,2
1429963,424,4
1102372,11054,4
1009777,77,4
1175746,115,3
1018654,280,4
1018654,9346,4
1009777,1135249,3
1018654,73,2
1055037,497,1
1382434,5,2
1153987,435,5
1103590,9281,4
1055037,217,3
1010663,16219,4
1103590,13416,4
1103590,4256,5
1103590,20453,1
1175746,568,1
1012281,71174,3
1382434,88,2
1194427,9889,3
1238660,116,1
1046245,1031781,3
1312818,762,2
1164112,10315,4
1068984,423,3
1068984,2135,4
1056106,18785,3
1392965,16558,3
1444055,1495,4
1159439,77,3
1404762,18947,2
1167793,6963,2
1367663,5,4
1367663,16219,4
1367663,116,1
1367663,5693,2
1182941,12133,3
1159439,116,4
1167793,8587,1
1167793,16869,5
1167793,4922,2
1319574,7451,3
1316932,88,4
1319745,11547,3
1332972,4771,5
1332972,9567,1
1424523,2207,3
1253717,1852,4
1203405,9346,5
1203405,116,4
1085964,116,4
1367663,747,3
1404762,88,3
1030653,7131,2
1361143,9008,5
1129253,1369,2
1070437,5,3
1123915,11547,5
1126945,157,2
1362681,654,1
1085964,88,3
1102408,497,3
1362681,77,3
1033972,45377,5
1016353,19913,1
1362681,116,4
1129253,1369,1
1308152,2135,2
1129253,408,5
1222390,5915,3
1404762,11529,4
1308152,1019638,4
1167793,88,3
1139890,2135,5
1123915,10279,3
1030653,6038,4
1444055,10191,3
1354038,1023336,4
1167793,9614,3
1222390,578,4
1190820,36685,3
1445052,424,5
1190820,9346,3
1193959,88,1
1193959,9326,3
1400111,2135,4
1134350,756,4
1320206,524,3
1085964,15121,2
1134350,116,4
1073647,2322,4
1024273,80846,2
1016353,2359,4
1085964,280,4
1085964,9372,2
1085964,642,1
1361143,425,4
1361143,18,3
1444556,22972,4
1334890,2667,2
1334890,11009,3
1271840,9346,1
1374578,8587,4
1358698,38171,3
1167793,1031479,2
1372395,10758,5
1167793,11547,5
1147037,674,3
1319745,14,3
1040066,9529,3
1333831,524,3
1134350,4922,2
1399170,8587,1
1167793,116,2
1399170,77,3
1340816,11529,5
1399170,205,3
1147037,11199,2
1333831,1005973,5
1395637,105,1
1399170,8656,2
1146492,9529,3
1417816,1065915,2
1024961,10191,3
1363301,168,3
1335272,11044,3
1340816,11969,3
1077849,1160674,3
1136088,378,1
1340816,12405,3
1014807,13600,3
1071531,289,3
1150555,10193,2
1068984,338,3
1068984,10590,4
1061810,1992,4
1157698,1452,4
1068984,1058898,2
1138496,197,3
1061810,1955,4
1024961,197,5
1185972,4367,1
1061810,9477,4
1185972,475,3
1213914,1578,1
1061810,9529,2
1213914,11544,2
1014807,9346,2
1022382,864,3
1213914,78,2
1137285,500,2
1297165,9346,2
1106264,88,4
1335272,8292,3
1297165,9346,3
1014807,74893,2
1297165,9346,3
1120716,272,3
1297355,11547,4
1271521,1624,3
1038404,924,2
1271521,11529,2
1038404,609,4
1247340,11622,5
1146492,9346,1
1024961,10193,3
1370497,9529,3
1185814,4517,1
1239868,591,1
1271414,207,3
1168086,116,3
1195541,1018,4
1120716,19901,3
1297355,9346,3
1427856,11529,4
1016103,11547,5
1269633,497,3
1124477,40807,4
1128365,197,2
1239130,11547,4
1041675,11529,4
1175353,642,2
1029044,9285,2
1021878,2667,5
1091618,2667,5
1128365,2135,5
1129033,2135,1
1077849,78,4
1308584,16219,2
1335272,79718,3
1041675,118,3
1124477,116,4
1124477,1099279,3
1086779,524,3
1146939,116,2
1157698,11327,1
1157698,9346,3
1193148,88,1
1193148,88,4
1120716,89,3
1195541,1578,1
1306604,812,1
1306604,10307,4
1154561,1166958,3
1417816,8587,2
1029386,9870,2
1029386,36685,5
1380256,808,4
1269633,2503,3
1255601,10153,3
1306604,756,3
1354924,629,2
1157698,196,5
1117648,11547,2
1335272,94730,3
1055037,16871,4
1247340,9281,4
1089829,16219,4
1088280,1495,3
1305981,676,5
1305981,9955,5
1406965,116,4
1370497,4982,5
1305981,522,3
1168350,2655,5
1316932,2255,4
1067456,1166958,2
1157698,424,3
1021878,26939,3
1014807,4922,2
1316932,116,3
1014807,381,5
1021878,1891,4
1406965,8193,3
1271414,1023336,3
1236570,615,3
1157698,11547,3
1067456,2135,4
1335272,9693,1
1445485,585,2
1055037,9392,3
1335272,11529,2
1445525,311,1
1033647,6282,3
1236570,22954,3
1335272,272,4
1190820,1271,5
1159439,80385,2
1338166,1430,4
1147350,1895,2
1335272,944,3
1106264,9471,2
1106264,1081139,5
1213723,11547,3
1159537,1141467,4
1213723,6278,4
1338166,77,5
1046245,820,3
1271521,524,2
1151322,926,3
1120371,1105341,3
1045446,9346,5
1339465,116,2
1204624,9870,2
1018654,10144,3
1101643,755,3
1217628,9346,2
1217628,205,3
1045446,9486,2
1335337,12405,4
1204624,64353,2
1151322,2252,5
1151322,11547,4
1018654,2924,3
1018654,16219,4
1090979,9346,4
1335337,11529,4
1322712,77250,3
1217322,11603,2
1338166,278,3
1140030,9346,2
1045446,769,3
1248771,2300,3
1063989,5683,3
1168067,116,5
1090979,9346,2
1212441,10029,2
1291391,2493,4
1204624,49444,2
1197800,4512,4
1322712,9529,1
1204624,15,1
1137710,9346,1
1165964,36331,5
1197800,4982,1
1103356,8844,5
1212441,7191,3
1197800,32909,4
1339465,1422,3
1052678,11547,4
1339465,2268,4
1186505,9539,4
1168067,11547,1
1431705,672,4
1175353,77,3
1168067,1128278,2
1204624,116,2
1413766,11547,3
1440104,2323,4
1248771,2011,5
1159439,11547,4
1248771,1141467,3
1318564,10144,1
1138188,272,2
1318564,11529,3
1338166,44758,3
1431705,110,5
1204624,9346,1
1204624,218,4
1041675,2637,4
1137710,10218,3
1231828,38575,3
1024758,4958,3
1159439,11547,2
1165964,23483,2
1165964,9762,5
1307713,28,4
1412729,197,1
1368963,331,3
1071688,15,2
1321610,322,4
1321610,38,3
1046245,497,1
1151322,1452,2
1168067,289,3
1151322,1891,3
1035590,116,4
1190820,1059165,1
1079160,88,2
1035590,9870,3
1146827,769,2
1165964,9576,1
1018654,747,5
1046116,11031,1
1046116,11547,2
1147954,11547,5
1140732,9529,4
1411805,5,2
1081992,1970,3
1022382,11529,3
1211364,9529,2
1140732,1051323,3
1201085,1266,2
1350730,5,2
1445777,176,3
1150753,37303,2
1004839,8321,4
1004839,25386,4
1431502,9479,3
1095178,16869,4
1019975,654,3
1033647,61429,2
1247340,11880,5
1150753,9346,4
1081160,12100,4
1146939,5,3
1023422,4032,5
1023422,4032,2
1146939,82445,5
1089311,804,1
1089311,408,2
1125443,9346,1
1124178,9346,5
1125443,88,5
1350707,587,3
1124178,672,2
1089964,116,2
1089964,38356,2
1088280,51876,3
1445485,23128,2
1089311,1160674,2
1308025,7299,4
1109433,587,4
1350707,9346,1
1085986,134,3
1088280,9346,3
1033972,213,4
1350707,80385,2
1305981,11547,1
1305981,2085,4
1308025,1055012,3
1308025,853,2
1350707,5,3
1213031,920,3
1305981,12263,3
1133325,9346,4
1350707,9675,2
1085986,58,2
1085986,7970,1
1133325,1167261,4
1350707,9346,4
1350707,525,1
1350707,24253,1
1445485,5,1
1013490,88,3
1157698,23437,2
1157698,844,4
1411805,845,3
1445485,152,4
1157698,773,5
1157698,9739,4
1320206,2493,4
1346086,116,3
1147954,1578,4
1268788,122,5
1363545,121,2
1024273,423,4
1189977,289,5
1089829,1251,4
1353516,36586,1
1135437,32909,4
1055147,38,4
1089829,11547,2
1012723,810,3
1149333,9955,2
1266228,10592,3
1240175,319,4
1015396,1063754,2
1291391,872,3
1040148,881,3
1040148,752,3
1024273,11547,1
1089829,197,4
1089829,8814,2
1260051,29233,1
1024273,2667,2
1024273,69,5
1166493,5,1
1017127,1078391,4
1440104,9529,4
1189977,2604,2
1254369,11529,2
1089829,19908,2
1024273,423,1
1254369,122,3
1189977,1271,1
1024273,40807,3
1154577,6957,4
1010663,29610,4
1154577,453,4
1346156,1422,5
1394837,453,1
1291391,116,2
1305613,9798,3
1291391,7840,5
1373338,10158,4
1373338,857,2
1040148,14,3
1373338,19908,2
1024273,117,2
1140030,770,5
1373338,1902,3
1350707,14,5
1305981,2103,4
1253676,2135,3
1260051,11031,3
1260051,116,3
1260051,197,3
1009266,9529,2
1049235,752,3
1262047,1541,3
1262047,857,3
1024273,578,3
1383277,2054,5
1441930,5559,4
1009266,9346,1
1262047,24803,3
1361143,1593,2
1081160,164,2
1232120,16869,3
1394837,8193,1
1363545,11547,2
1326029,9346,4
1441930,23128,3
1214689,921,2
1103590,116,3
1253717,453,1
1103590,50619,4
1299832,1389,5
1299832,120,3
1174990,814,4
1157698,84240,5
1268715,215,5
1253717,116,3
1415423,638,1
1157698,1585,3
1361143,28,2
1009906,1143079,3
1081160,9346,5
1361143,20174,1
1154577,10730,4
1268715,80589,3
1262047,1541,1
1240175,1495,4
1383277,15121,2
1262047,9529,3
1240175,319,4
1154577,197,5
1180818,23514,2
1394837,943,2
1022000,603,1
1254369,20504,2
1312699,1141467,2
1196596,1578,3
1438178,97,4
1370497,97,4
1145161,24197,2
1178755,15121,3
1370497,1995,2
1059259,1495,3
1185628,783,4
1196596,49538,1
1328086,9685,2
1040192,2135,5
1180818,2135,2
1398417,673,3
1201085,9346,3
1201085,11547,3
1010093,5966,2
1077677,1369,2
1057794,1593,4
1328086,116,4
1040192,9804,4
1045529,1495,5
1370497,926,1
1057794,11547,2
1317289,9346,1
1353069,3933,2
1346156,1064297,4
1030893,2135,3
1001416,65,5
1326459,10734,3
1177933,116,4
1177933,38,5
1007215,9480,3
1444999,1064297,1
1007215,14181,2
1316932,680,4
1316932,4614,4
1312699,37165,4
1316932,110,4
1158008,1055012,3
1030893,16219,2
1316932,1022567,5
1030893,5137,1
1420278,241,3
1316932,1124,4
1267656,94730,4
1383277,1646,1
1055147,2667,2
1091720,944,5
1007215,10145,3
1055147,9268,4
1030893,289,4
1347836,2503,5
1007215,11547,1
1040192,122,4
1081160,2013,5
1312699,2268,3
1316932,10314,4
1089829,96506,3
1007215,10144,5
1007215,1923,5
1070014,116,5
1070014,4512,4
1306484,9285,1
1306484,1102118,3
1129013,1430,1
1007215,11253,1
1038404,1487,3
1129013,1166958,3
1159857,14160,2
1196596,5,1
1091720,11547,2
1346156,11547,4
1166493,9346,5
1420278,329,5
1007215,9346,3
1277421,424,2
1328086,88,3
1161861,1005973,1
1272856,2832,3
1263739,19994,4
1349140,841,3
1349140,9806,5
1201085,747,2
1370497,578,4
1090979,97794,3
1038404,920,5
1126174,37368,4
1272856,19913,2
1262687,88,3
1263739,9913,2
1349140,118,1
1349140,275,2
1015438,1891,4
1201085,1892,4
1015026,9482,3
1088484,5,4
1007215,118,5
1178755,289,5
1027738,1091455,1
1262687,9346,4
1204207,559,3
1309434,10730,3
1143971,197,2
1299832,22,4
1336404,11547,3
1085986,272,3
1040192,319,3
1295713,116,4
1232172,585,3
1262687,455,2
1217628,1098047,3
1092737,4944,3
1048842,22538,5
1362251,9591,3
1140732,9340,3
1306474,10201,2
1176839,38050,4
1150304,1106942,3
1100591,75,2
1306474,10714,5
1090979,1422,3
1185972,9778,3
1306484,1166958,3
1431705,2135,3
1114719,2758,2
1427856,116,3
1412729,116,3
1366208,319,2
1427856,32909,2
1379433,3175,3
1427856,1091455,5
1306474,12246,2
1427856,10764,1
1082132,242,3
1135798,1593,5
1140732,2135,2
1096693,1955,3
1161115,11697,3
1096693,1955,1
1134664,289,2
1157788,7446,3
1134664,1105341,1
1336404,10529,4
1306474,5175,4
1320206,1074618,2
1312818,862,2
1161115,1023336,3
1312818,10474,4
1299832,1701,4
1299832,425,3
1366208,1246,3
1264225,11547,2
1376240,8961,2
1420278,94730,4
1420522,2054,1
1376240,9869,4
1161115,9346,3
1102439,13633,5
1217628,9319,4
1375290,5,1
1157788,1579,2
1359307,6978,1
1195442,65,5
1040192,329,3
1034578,2642,4
1161115,829,3
1394765,4982,3
1161115,9631,4
1157788,7446,3
1048154,11547,4
1100591,672,3
1157558,65,2
1086326,9346,3
1335337,213,2
1359789,77,4
1420278,914,1
1139433,1271,2
1064327,1895,3
1035577,27205,1
1170897,2667,2
1031012,11031,4
1086326,2118,3
1335337,559,5
1190790,9529,4
1190790,1083592,5
1264225,2062,3
1394765,38055,4
1220478,810,3
1090979,616,1
1220478,27205,4
1147954,94730,1
1222390,11547,2
1335337,409,4
1071531,16219,1
1291391,10476,4
1395637,1171867,1
1136477,769,1
1220478,275,4
1052636,9787,5
1008621,8195,2
1052636,817,2
1013490,15121,2
1036815,9386,4
1221463,11547,3
1055204,1095355,4
1355729,2253,3
1052636,9346,2
1171696,9529,3
1309514,205,4
1007288,116,2
1221463,1729,3
1222390,88,2
1217628,603,4
1406965,4982,2
1171696,9285,1
1099582,424,3
1013490,9870,3
1222390,807,3
1222390,28,2
1309514,11547,1
1222390,20352,2
1099582,279,2
1222390,1646,3
1007288,289,3
1222390,9346,3
1222390,3034,2
1222390,9944,3
1222390,9346,3
1406965,769,3
1221463,9434,2
1232804,65294,4
1171696,12100,3
1008621,500,4
1256592,88,3
1007288,1081167,3
1221463,1161932,5
1256592,1777,4
1013490,14462,5
1155382,1173356,1
1155382,792,2
1320206,13389,2
1320206,1166958,4
1036815,1022567,3
1232804,424,1
1263273,1571,4
1309514,1375,4
1138030,88,5
1221463,11003,4
1234327,90,3
1221463,11547,4
1355729,43847,4
1355729,8587,3
1222390,11054,4
1355729,1081139,5
1420278,2062,3
1420278,8587,5
1168350,165,3
1086779,278,1
1045341,1074618,4
1021173,863,2
1021173,1167262,3
1168350,9477,2
1351777,322,4
1134350,16219,4
1012723,1892,1
1420278,118,5
1269633,10764,4
1355729,1592,3
1172418,2252,3
1172418,289,3
1145381,453,3
1145381,492,3
1320206,587,1
1320206,496,1
1086779,9392,4
1320206,1101321,3
1351777,4523,1
1134350,8814,3
1177011,9888,5
1086779,2055,4
1045341,9707,4
1045341,11603,4
1353772,11547,3
1045341,1271,1
1217322,9529,3
1048842,2503,5
1141317,12,1
1141317,280,3
1283503,2135,1
1355729,9289,4
1172418,116,4
1141317,1086119,2
1166408,122,3
1124477,11529,2
1124477,9427,2
1092967,2978,2
1124477,1777,4
1124477,9346,2
1166408,1021742,5
1092967,1140484,3
1130116,116,3
1130116,25941,3
1135437,116,1
1181343,14,3
1181343,752,2
1023280,424,3
1009906,105,3
1419612,2011,2
1023280,674,5
1098368,116,5
1307015,1106218,4
1046245,769,3
1046245,88,4
1040144,1593,5
1022288,88,3
1247340,578,1
1166408,693,2
1232442,116,4
1027743,11529,3
1141159,116,2
1033972,6415,1
1166408,9600,4
1217572,11547,4
1386895,19908,4
1027554,1251,5
1027554,9679,2
1124936,1085763,1
1140198,14,2
1140198,11547,3
1232172,9806,4
1124936,2135,1
1124936,11529,3
1232172,8914,5
1046245,11529,5
1120371,2011,5
1432271,278,5
1372813,783,3
1347515,88,4
1050425,10376,5
1232172,116,1
1050425,116,4
1120371,1141467,2
1050425,497,4
1120371,8838,2
1120371,453,1
1150211,11547,3
1321610,9346,2
1347515,1850,3
1046245,2493,2
1418736,88,3
1050425,77,1
1321610,1124184,2
1050425,9075,2
1050425,9346,4
1050425,9434,2
1150211,197,2
1003074,37368,4
1239898,37368,4
1026504,2034,1
1035731,44115,2
1239898,4517,4
1379793,77,4
1007246,14,4
1003074,6415,5
1315101,1246,4
1030653,9477,1
1046915,9342,2
1371236,88,5
1371236,116,1
1087670,88,3
1177933,121,2
1177933,116,2
1030653,4234,3
1371236,1031781,1
1312818,2135,4
1239455,43847,3
1040916,9837,1
1213723,9346,1
1309434,1588,2
1144428,36331,3
1277239,762,4
1030653,1246,3
1192207,11603,2
1174539,862,2
1086326,8879,2
1087670,11547,3
1174539,116,3
1087670,36647,3
1174539,47808,4
1371236,24684,3
1030653,12225,2
1371236,4523,5
1163934,11355,4
1087670,2135,5
1061019,827,3
1030653,808,2
1371236,116,4
1217322,2255,3
1070435,1166958,5
1432271,10907,3
1217322,5,2
1086326,1086904,2
1354468,116,3
1101643,2011,2
1354468,1173448,3
1174539,11547,3
1061019,9762,3
1147350,1130761,4
1239898,9480,3
1070435,275,3
1138719,1878,2
1101643,4982,1
1101643,1894,3
1057794,12405,4
1090647,470,4
1073698,2135,3
1057794,88,2
1371236,8699,4
1031514,9372,3
1167257,857,5
1213723,921,4
1009442,9614,3
1009442,955,4
1291946,768,2
1431502,137,5
1371236,6415,4
1267656,584,2
1147238,863,2
1320206,2118,1
1320206,433,2
1244085,755,5
1174539,11529,5
1267656,9346,4
1172340,9346,3
1174539,10144,2
1010220,37094,4
1371236,2135,1
1010220,8321,4
1213723,298,2
1363301,1955,1
1313752,578,3
1087670,77,2
1239130,9502,2
1239130,11631,2
1022583,16219,3
1291946,110,4
1168239,1367,4
1294902,424,3
1168239,11547,1
1363301,424,3
1363301,1271,4
1009442,94730,4
1094886,116,3
1166493,16219,4
1246164,272,1
1100294,9768,4
1026504,616,2
1135437,77,4
1014378,497,1
1031514,11697,5
1168239,862,3
1077880,10637,4
1371236,213,4
1124936,45269,3
1010663,16,3
1190820,1491,3
1363301,1495,2
1135437,10764,3
1165964,1579,2
1312818,1147694,5
1374018,1077486,3
1125107,289,5
1358408,8358,2
1178755,8587,4
1040148,9427,1
1402121,829,5
1094886,88,3
1094886,525,2
1013490,1141467,4
1136226,558,3
1135437,1955,2
1168239,433,4
1168239,863,2
1052636,524,2
1167257,2135,5
1201929,6415,4
1358408,608,3
1166408,116,5
1138188,116,4
1178755,11547,2
1096869,2355,3
1398996,5,4
1398996,19994,2
1135437,10555,4
1398996,11072,3
1168239,10779,3
1409243,36668,2
1319574,11336,3
1415018,9477,2
1150887,69,1
1129484,88,4
1177933,1493,3
1090979,1422,3
1017127,22881,1
1071072,2655,5
1178755,672,4
1103526,2135,2
1445777,11529,3
1283601,9631,2
1015716,2135,2
1283601,497,3
1319574,11202,5
1178755,272,4
1109433,1422,1
1228330,9346,3
1182665,2135,3
1375722,11529,1
1253933,89,2
1374018,1360,3
1109433,12205,3
1319574,5925,2
1100054,914,3
1409243,9506,1
1061810,196,4
1100054,12246,2
1322685,22327,1
1061019,568,4
1322685,9346,2
1061810,29610,3
1100054,13804,2
1000083,2493,3
1171696,881,4
1322685,2123,3
1416481,77,5
1040192,14168,4
1129484,9346,2
1048168,5,5
1040192,10776,5
1109433,16869,1
1392657,1083591,3
1375722,9476,4
1090979,176,3
1409243,10539,3
1017127,9427,2
1375055,4512,5
1315101,575,4
1109433,120,4
1150211,2924,3
1109433,9836,3
1177011,525,3
1224083,680,4
1420278,13027,4
1270702,4553,4
1050425,1592,4
1050425,272,2
1255601,10144,3
1040192,88,2
1129484,642,5
1109433,1124184,4
1311789,116,3
1038194,23483,5
1109433,6950,5
1171696,642,4
1126252,1086902,4
1319574,94730,4
1090979,285,4
1090979,9529,4
1040192,1667,2
1432202,9346,2
1174659,9479,5
1171696,116,2
1002672,1970,4
1103845,10340,4
1002672,14306,4
1109433,14160,1
1109433,598,4
1311789,88,3
1109433,7555,4
1355729,9529,2
1014807,120,2
1109433,1124184,2
1135508,120,1
1212441,9346,4
1409243,864,4
1255601,524,2
1000693,7191,1
1429571,11393,5
1374578,77,5
1318118,453,3
1071531,13027,2
1178755,2493,3
1335337,11547,3
1178755,5915,5
1135508,9346,1
1335337,1266,4
1388826,9346,3
1164077,6537,2
1340472,4148,3
1364724,9870,2
1024273,116,2
1164077,10144,3
1364724,20174,3
1290479,116,3
1177011,11036,3
1052678,11547,5
1388826,58,3
1244085,8321,3
1052678,215,4
1177011,116,2
1136913,11547,3
1284366,8665,3
1126174,1895,3
1290479,329,2
1382434,60308,1
1382434,1131183,5
1364724,9529,2
1404196,747,3
1154577,9346,3
1221463,23827,5
1287517,12,4
1165080,9806,1
1085725,14160,5
1080513,9390,2
1092115,12690,2
1247911,275,3
1138719,4912,1
1253676,1046147,4
1136913,9354,4
1221463,2293,2
1221463,921,1
1052678,11547,4
1069126,14168,3
1069126,11551,4
1024273,10663,5
1217454,37303,1
1217454,11529,2
1091720,810,3
1138832,17654,2
1168131,10403,4
1030893,116,4
1088280,11393,4
1194427,11547,2
1029044,88,1
1194427,9889,1
1171886,6964,3
1147731,10234,4
1095952,69,2
1156900,11547,3
1091720,7737,2
1024273,116,4
1012723,9390,5
1381950,9346,2
1306835,1091455,5
1388826,9697,3
1388826,2755,1
1100591,116,1
1147731,558,2
1445055,10539,3
1388826,116,4
1445055,9388,3
1284366,12230,2
1438043,11547,4
1076891,2044,4
1012723,9870,2
1177011,841,2
1177011,2135,5
1063960,77,2
1238660,22,5
1003074,1270,2
1003074,240,2
1349140,1452,5
1003074,9346,2
1171886,9693,3
1164077,4108,3
1171886,96506,3
1364724,116,2
1164077,1162413,3
1177011,11400,3
1388826,2123,4
1388826,8195,5
1040192,38408,1
1306484,1538,5
1001585,197,3
1100591,5143,3
1063960,1892,3
1404196,2135,1
1040192,44214,3
1381499,120,3
1404196,36331,2
1363382,88,2
1193959,6075,4
1130879,525,3
1106774,2135,3
1129727,1151714,5
1106774,522,3
1106774,1060537,5
1109433,1167262,4
1109433,61429,5
1129727,77,2
1172764,920,3
1100637,9354,2
1172764,141,3
1100637,1892,3
1100637,40807,5
1224220,496,2
1251385,2135,1
1161010,1161405,4
1340935,500,3
1405821,116,3
1012723,2135,4
1193959,10198,3
1109433,8587,3
1173196,524,3
1012723,11003,1
1109433,9346,3
1092617,9522,5
1048842,10218,1
1392965,8874,2
1392965,2034,3
1012723,197,3
1392965,1018573,3
1106774,5559,2
1224220,9477,3
1247340,11547,1
1247340,79718,5
1247340,710,3
1247340,1141467,3
1247340,9346,3
1237919,638,5
1392490,8873,3
1392490,116,3
1215676,1065915,3
1171976,1166958,1
1095178,22972,2
1095178,674,3
1071688,19908,3
1071688,11547,3
1215676,1271,4
1022937,2359,3
1120716,84240,1
1120716,1116054,1
1253545,2135,1
1120716,8078,3
1253545,11547,3
1101205,12101,2
1392490,10195,3
1323126,11547,3
1215676,9257,4
1016462,88,5
1171976,15121,3
1088280,11631,4
1390693,10876,2
1339970,9502,4
1390693,24197,4
1339970,508,3
1215676,1592,3
1071688,1359,1
1071688,525,3
1392490,4944,4
1095178,9614,3
1095178,4517,4
1136088,2080,1
1123915,1166958,1
1128134,2135,3
1332367,11547,3
1135798,11529,3
1135798,773,2
1351134,4515,3
1351134,4515,5
1315101,1119279,5
1123439,37247,1
1029386,1123822,1
1030461,79718,2
1084372,1140484,2
1109433,10474,3
1109433,118,5
1144504,196,3
1030461,88,3
1417447,9529,4
1380256,197,4
1030461,11619,4
1030461,289,2
1315101,1245,4
1196701,773,2
1030461,76025,3
1196701,2135,4
1380256,14,2
1202626,957,4
1084372,22970,5
1039552,1119067,1
1039552,2135,2
1176605,116,1
1202626,77,2
1180818,5,2
1180818,10184,5
1023089,9346,3
1153987,77,5
1024438,10198,1
1166451,423,5
1048154,1095035,4
1167449,1894,2
1167449,857,4
1057794,177,1
1309514,9477,1
1063989,116,2
1063989,1156750,5
1204624,1018,1
1057794,134,3
1445055,2135,2
1120371,20526,4
1000693,289,3
1048154,17332,1
1259438,9346,3
1445055,10110,1
1176095,11973,3
1166451,615,1
1103214,116,3
1103214,6795,3
1445055,1097590,3
1196693,1934,3
1196693,1083592,2
1120371,765,4
1309514,2080,1
1220478,13223,2
1220478,77,4
1159537,1270,1
1386895,13416,2
1057794,2898,3
1048154,14,3
1048154,212,3
1220478,8844,4
1224220,1086119,4
1224220,673,3
1224220,37834,1
1224220,11547,4
1220478,829,1
1038131,9346,5
1145381,710,3
1224220,921,3
1220478,817,2
1145381,16219,3
1101205,9693,2
1445052,2322,4
1204624,9481,3
1103214,881,2
1196693,8054,3
1386895,1083592,3
1196693,813,3
1304146,11529,3
1079149,16219,3
1304146,350,5
1000693,591,1
1089425,820,1
1304146,1167261,3
1145593,97794,2
1432271,769,4
1145593,11529,2
1151322,4538,4
1145593,1271,3
1022583,85097,3
1117648,44048,3
1355208,88,4
1061534,652,3
1063960,9707,3
1355208,2135,2
1151322,675,3
1294969,1056906,2
1218796,11529,2
1379433,8346,3
1106264,1412,3
1266289,1578,4
1185814,1903,5
1076082,16,3
1076082,388,2
1145593,116,3
1010663,27205,2
1147238,1140484,2
1089516,857,3
1147238,16219,2
1130879,9946,2
1379793,1098164,3
1315778,88,2
1256592,116,4
1127825,27582,5
1106264,5693,5
1444055,863,4
1334890,285,2
1266289,500,5
1444055,524,1
1151322,14534,2
1333831,4104,4
1333831,9312,4
1355208,703,4
1034584,289,1
1123439,924,3
1151322,5,1
1053372,1430,5
1034584,88,2
1195570,404,2
1153112,10835,4
1143687,118,3
1128365,9346,5
1123439,14,4
1290477,1985,2
1143687,2135,3
1398996,5,5
1312818,4638,5
1185814,9487,2
1102408,2978,3
1398996,1098164,2
1034584,11631,3
1026504,11566,4
1117648,88,4
1151322,7737,1
1076891,8456,2
1283503,1166958,2
1268230,24197,2
1178564,7984,2
1398996,805,3
1277239,1139190,4
1143687,116,3
1239898,594,3
1239898,180,4
1323126,7446,2
1056987,962,2
1323126,53214,4
1377537,2135,3
1129484,1824,4
1083111,4824,5
1402379,9281,3
1022259,11901,3
1175276,680,3
1083711,475,3
1143971,11547,4
1089311,37165,3
1177933,8587,4
1177933,4464,2
1143971,9346,1
1161861,841,5
1367455,116,4
1086779,921,3
1184737,11393,5
1404196,142,4
1404196,122,3
1213914,13260,3
1161861,26939,4
1083711,7350,2
1415018,7913,4
1351991,64609,4
1161861,290,5
1026331,9610,3
1351991,1022567,4
1266531,116,4
1118955,5915,3
1056987,2135,3
1102439,847,3
1253933,9480,4
1173196,1844,3
1166870,272,1
1085450,38,3
1353690,9346,3
1085450,120,2
1213914,19666,4
1038007,703,3
1085450,11561,4
1217628,22,3
1106264,122,3
1089311,525,2
1089311,587,2
1031012,1140484,2
1085450,935,2
1158008,77,2
1158008,2253,3
1253933,9346,5
1117648,598,3
1029436,2135,3
1339970,2759,3
1055037,345,4
1404196,37834,5
1031012,426,2
1102439,1018,3
1306474,11547,4
1102439,15856,1
1158008,9614,4
1445777,13156,5
1166870,1271,5
1158008,9479,3
1036815,1904,2
1036815,9529,3
1178337,4421,3
1412729,88,5
1362251,22,2
1412729,783,1
1031012,603,3
1191423,808,3
1354924,1701,2
1191423,11054,5
1354924,1170190,3
1085450,116,1
1366804,77,2
1166870,11547,2
1143971,2503,3
1268715,16219,4
1085450,10377,3
1366804,116,2
1085450,289,2
1143971,1578,2
1272856,20504,1
1268715,408,5
1138832,8874,1
1272856,28,1
1129484,862,2
1161861,595,2
1103214,1271,3
1090713,9008,2
1268715,134,5
1138832,408,4
1096869,1099279,3
1138832,16219,4
1138030,11983,2
1038007,9346,2
1272856,38,1
1253933,4982,1
1012368,914,4
1268715,14160,2
1404762,17654,3
1012368,1902,5
1335337,23483,2
1150555,2135,3
1268715,453,5
1090979,2048,4
1173196,11009,1
1445777,38055,1
1140934,134,2
1290479,13053,3
1036815,4771,5
1129484,612,4
1150753,9346,4
1036815,12444,1
1024758,36685,4
1150555,616,2
1146492,37094,5
1150555,1593,5
1137710,9346,3
1041817,2924,5
1150555,38,2
1380256,11529,4
1294087,14160,3
1270741,180,4
1175276,559,4
1175276,2757,3
1146492,9529,3
1431502,94730,2
1268788,9390,1
1268788,8873,4
1268788,9390,3
1203405,5,3
1128281,9529,3
1156900,9870,5
1022288,1895,5
1168350,5559,2
1310515,11054,3
1020256,1141467,4
1310515,20453,5
1326029,18405,3
1166408,857,3
1189800,12,3
1020256,9346,2
1166408,6957,1
1201085,28,5
1201085,2135,3
1159537,9543,5
1152220,752,4
1022288,217,3
1159439,272,5
1168350,424,5
1012281,11774,4
1438178,1091454,3
1438178,9529,4
1022288,65294,1
1149394,11529,3
1020256,8373,3
1134350,1060539,2
1139433,2135,5
1166408,1578,2
1340935,16219,5
1195442,13,1
1235304,61791,2
1340935,9346,1
1247340,38575,4
1235304,1141459,3
1149394,88,3
1431502,424,3
1438178,22803,3
1006017,674,2
1336404,9312,2
1020256,11547,2
1171886,9346,2
1006017,453,4
1166408,88,4
1022288,11690,1
1244080,116,1
1166408,184,2
1054563,1061935,4
1269564,197,2
1166408,9346,4
1308061,9346,2
1268788,22881,2
1040066,2135,3
1020256,9489,3
1166408,73462,4
1411805,89577,3
1011892,14048,3
1020256,497,2
1411805,49797,4
1168350,5,3
1082895,1588,5
1002672,1832,4
1092617,1246,3
1189800,197,4
1185814,44214,3
1166408,88,1
1316932,8456,5
1431502,8922,2
1444556,94730,2
1195541,558,3
1002672,122,3
1082895,1895,4
1353516,497,4
1221749,137,2
1011892,4147,2
1002672,78165,1
1017264,856,1
1159439,962,1
1022288,8922,2
1125355,638,4
1084056,857,4
1166408,872,1
1438178,8587,4
1225050,1038264,3
1392965,10972,3
1167105,642,1
1040192,1777,2
1071531,1063626,2
1411805,36668,1
1167105,11253,4
1034584,2048,1
1326029,8587,3
1128281,9319,2
1326029,34851,3
1171976,9346,4
1326029,598,1
1128281,6538,1
1387806,1547,2
1030720,1491,3
1268788,1571,3
1203405,9285,3
1167105,8054,3
1015438,5,4
1020256,24197,1
1062886,942,2
1087670,11547,4
1150887,769,3
1387806,5,2
1307015,1052244,4
1217628,1599,4
1398996,5,1
1353772,808,2
1353772,122,1
1150887,11787,2
1015026,88,2
1150887,88,3
1336404,1110949,2
1167257,44115,4
1021684,769,4
1287219,643,4
1203405,1086904,3
1405821,9390,3
1203405,88,4
1139433,94730,3
1075119,8587,3
1201085,7970,1
1405821,38055,3
1075119,11287,5
1220482,424,2
1193925,105,5
1012927,1059165,4
1336404,1271,5
1150887,165,2
1007002,981,4
1160376,11547,3
1135437,9529,4
1135437,116,1
1267695,25887,5
1033972,205,4
1164077,10110,2
1283503,9529,1
1164077,116,3
1164077,862,3
1157698,9767,1
1196701,197,4
1196701,508,2
1372395,4912,4
1220482,1166958,5
1220482,857,5
1033972,920,3
1220482,4944,3
1033972,1246,4
1046245,1367,5
1071531,401,3
1046245,2034,4
1046245,4553,1
1012723,1725,4
1012723,5,4
1012723,2069,2
1046245,11547,2
1012723,329,3
1167257,1824,1
1010663,563,5
1379793,8840,2
1010663,197,1
1010663,2300,4
1262687,310,2
1307713,858,4
1307713,88,3
1307713,8699,4
1246164,1246,4
1147954,7278,3
1413766,11547,3
1084372,289,5
1232786,1064297,2
1232786,116,4
1100099,2832,2
1232786,2135,2
1232786,272,3
1182459,272,3
1232172,10096,2
1147954,12205,1
1040066,2135,1
1081065,364,3
1081065,18,3
1379793,339,1
1073647,10376,4
1307713,924,2
1379793,1135249,4
1307713,1141467,4
1291391,116,2
1291391,9012,1
1386265,121,2
1147954,15121,2
1232172,855,1
1248771,581,4
1197800,769,3
1158323,788,4
1089829,116,3
1309514,278,2
1309514,11547,4
1152235,116,4
1436389,14160,5
1436389,73,3
1306604,12405,1
1103590,11529,3
1190820,118,1
1144051,455,3
1346156,116,4
1346156,1168473,4
1248771,10603,1
1346156,10950,5
1436389,9275,1
1248771,116,1
1103590,11324,1
1159537,862,1
1159537,62,2
1147731,1422,4
1213031,1092,3
1144051,9480,3
1100294,11631,3
1026225,1078391,4
1144051,65,4
1436389,810,4
1103590,278,2
1023089,4553,4
1190820,603,5
1436389,36668,5
1030720,11393,3
1030720,6075,3
1023089,9529,3
1082522,289,2
1086779,9346,2
1413766,134,4
1120716,9615,3
1120716,603,1
1101205,433,1
1369732,41283,3
1093130,11113,2
1000693,2135,3
1000693,1809,2
1413766,11547,4
1077849,11977,3
1120716,329,2
1169688,205,4
1047082,1271,2
1372966,9595,4
1224943,16025,2
1244160,1116054,1
1244160,2323,5
1224943,15,3
1413766,3594,5
1387806,4816,4
1224943,11547,4
1372966,783,4
1024273,9257,1
1047082,11054,1
1299832,1832,2
1000693,747,3
1258710,9489,2
1258710,58,5
1299832,676,3
1299832,1091455,2
1095178,73462,5
1027554,9285,4
1027554,4806,1
1007215,1923,4
1057794,9479,4
1231828,88,4
1092617,1430,2
1363382,2054,5
1438043,11688,3
1363382,8814,4
1438043,558,3
1176095,9529,4
1071531,920,5
1193381,2135,4
1026331,6278,4
1026331,2133,4
1444999,185,4
1162875,5915,5
1247328,1059165,2
1012368,1948,2
1162875,11547,1
1335301,807,5
1007215,524,3
1150304,121,5
1417816,1892,5
1128351,9912,2
1436389,43539,3
1335301,1654,3
1436389,1580,3
1152220,14,2
1420053,11547,3
1335301,559,5
1415018,9346,4
1335301,8321,1
1335301,812,4
1037012,862,4
1037012,2295,4
1119002,638,3
1272856,346,4
1037012,10158,3
1354924,110,3
1024758,563,2
1178755,8960,3
1162875,2135,3
1150304,272,3
1036815,116,3
1247328,2503,1
1178755,424,3
1444999,857,2
1093680,53214,3
1178337,1902,2
1149394,1581,5
1432271,15196,2
1272856,1588,4
1304146,5915,2
1012368,15856,1
1093680,12113,5
1176095,11054,5
1079149,1495,5
1335301,5143,4
1335301,197,2
1237934,88,2
1237934,11072,3
1071531,37368,2
1176095,88,2
1024758,1141467,4
1055147,10663,4
1258710,4982,2
1001585,9437,3
1258710,11547,4
1253933,116,4
1258710,9533,3
1071531,185,2
1237934,116,2
1376240,196,3
1033972,4517,4
1074459,116,3
1322685,9529,3
1012368,9529,1
1026504,813,4
1436389,23827,3
1015026,11003,3
1055037,820,2
1339465,4614,3
1436389,9346,3
1093680,34851,3
1033972,120,3
1376240,9614,3
1027738,116,3
1021684,16614,4
1015026,7446,4
1012368,311,4
1021684,9346,1
1237934,162,4
1007215,4771,3
1070437,2135,1
1336404,1141459,4
1071531,185,2
1007215,1246,3
1379793,9944,2
1247328,2503,3
1027738,9346,5
1335301,807,4
1150176,37707,2
1074459,1128682,3
1033972,1271,3
1272856,2832,1
1033972,10637,5
1178337,12113,5
1178755,45269,3
1272856,497,3
1133759,10536,1
1138832,240,1
1273442,77,3
1178755,38171,4
1171431,348,2
1178755,13809,1
1272856,3683,2
1253676,594,3
1071531,424,2
1182665,424,2
1162875,4518,3
1102408,296,4
1228330,275,5
1029580,9762,1
1228330,10189,2
1042174,1082916,4
1307713,16309,2
1307713,9390,4
1253676,9390,1
1201085,16219,1
1126945,345,1
1109859,522,1
1162875,88,1
1363301,203,4
1182665,14048,4
1363301,37368,4
1417816,9502,3
1103590,11547,3
1363301,1128278,4
1228330,18785,3
1228330,4951,3
1228330,1955,3
1042174,1082916,3
1273464,37368,3
1445055,11547,5
1228330,77250,5
1228330,279,2
1102408,16025,3
1163934,2135,2
1319622,600,1
1102408,9346,3
1042174,1082916,5
1029580,433,2
1126945,1059165,5
1042174,1082916,2
1102408,453,4
1167257,62,4
1102408,185,1
1445525,604,3
1167257,11287,1
1221749,9494,1
1002672,424,2
1149174,9346,2
1445525,5,2
1002672,2135,3
1178755,2275,3
1288476,10147,2
1162875,4982,3
1221749,137,2
1307713,847,3
1307713,470,4
1319622,240,3
1162875,424,4
1361184,9529,2
1139798,10589,1
1319622,297,5
1307713,6488,4
1319622,598,4
1086079,22,5
1000693,22074,5
1307713,65294,2
1055147,2493,3
1150211,11603,3
1055147,4233,3
1411805,4517,2
1034389,77,2
1166870,5,3
1383745,116,3
1383745,9346,4
1149174,9346,2
1346086,808,3
1055147,5,4
1237866,11547,4
1271840,2118,2
1103845,141,2
1307713,807,3
1156799,865,2
1273464,4169,4
1162875,5,4
1346086,5528,2
1182459,364,5
1273464,1119067,3
1055147,1547,4
1000672,1061935,4
1206819,672,3
1255462,10730,2
1160443,2759,3
1252880,11547,3
1239898,55721,3
1160443,10539,4
1323032,2135,3
1253676,1735,2
1206819,9739,5
1155849,9870,4
1383277,87,3
1224943,20048,3
1382434,37368,3
1383277,9346,3
1160443,14,2
1373862,40807,5
1030327,500,4
1030327,8963,3
1189800,11395,3
1273464,9346,4
1273464,2268,4
1162875,217,3
1189800,9346,5
1055147,5,3
1092737,857,5
1237866,118,4
1069538,7446,3
1067283,37495,2
1069538,7446,3
1237866,289,1
1321610,29233,1
1095294,35181,3
1158008,41436,1
1373338,9529,1
1221749,770,4
1158008,116,5
1338166,88,3
1221749,94730,4
1417816,496,3
1273464,11324,2
1273464,2300,4
1273464,5,3
1129484,1054866,1
1160443,118,3
1067283,8587,3
1026331,674,5
1114719,883,1
1247911,16219,4
1026331,310,2
1002672,2179,3
1247911,116,2
1021878,924,4
1288476,37165,3
1202626,1891,2
1050425,9353,3
1273442,9888,4
1050425,9595,2
1321610,105,3
1144504,18785,5
1155849,658,2
1085986,77,3
1138832,65294,2
1420053,93,5
1308584,920,1
1308584,9372,2
1120716,1649,5
1120716,10159,1
1002672,16219,4
1135508,1064297,4
1202626,14462,2
1168067,141,2
1185814,13416,4
1135508,9806,2
1234182,296,4
1030720,45377,4
1234182,754,5
1239868,41402,4
1030720,595,2
1239868,88,5
1416481,6977,2
1237934,10220,5
1239868,9281,4
1379793,622,3
1138832,1895,3
1372460,9390,3
1273442,769,2
1273442,5175,5
1006621,10647,1
1202626,9346,4
1138832,116,4
1234182,1027184,5
1009906,44758,1
1009906,11054,1
1220478,345,2
1006621,2135,2
1168067,680,1
1417816,88,3
1239130,3597,5
1202626,1055012,3
1100803,1948,4
1100803,24197,2
1026331,9529,1
1026331,285,3
1100803,84240,3
1100803,424,1
1414110,11529,2
1030720,1430,4
1383542,12162,3
1168067,94730,4
1383542,37368,3
1444055,59440,4
1444055,36685,4
1077677,4464,1
1100803,5,2
1100803,116,3
1166816,1667,3
1104295,16,3
1135508,120,4
1269564,280,3
1103526,4141,2
1185814,14462,1
1273442,855,4
1002672,2135,5
1103526,9836,3
1031012,116,2
1202626,7443,3
1222390,9718,3
1033840,9806,4
1234182,120,3
1288476,9346,5
1185814,10358,2
1185814,71,4
1030720,672,1
1238659,11044,1
1012927,94730,1
1030720,116,2
1383277,11202,3
1114808,1124,3
1114808,289,2
1167793,348,3
1367663,8699,4
1263739,88,2
1398996,11529,3
1394046,116,5
1224943,37368,4
1224943,17654,1
1224943,8587,4
1288476,5925,4
1288476,213,2
1202626,10527,5
1353516,829,2
1353516,51497,3
1238659,55347,1
1237919,500,3
1041675,957,2
1446850,13,4
1033124,9614,2
1246164,4824,3
1246164,11547,3
1088280,13007,2
1088280,9944,3
1171431,1083988,4
1239898,9705,1
1239898,8669,1
1178755,116,2
1297191,11547,2
1125107,594,3
1125443,16219,3
1289395,497,1
1125443,43933,4
1237919,197,2
1184737,8326,5
1068984,608,3
1184737,62568,5
1184737,4108,4
1092967,5137,3
1125443,2759,3
1125107,11547,5
1040192,122,1
1010663,61429,2
1164077,280,3
1010663,73,3
1010663,240,4
1023089,19901,3
1060469,78,4
1095178,16219,4
1150176,16219,5
1269564,401,4
1095178,88,2
1269564,23437,1
1040192,9614,2
1040192,77,4
1040192,11873,2
1040192,5551,3
1150176,558,3
1269564,9675,2
1269564,242,5
1040192,1125,4
1023089,9346,4
1361143,116,1
1023089,425,4
1117648,88,4
1269564,19901,2
1029044,767,5
1361143,1091454,3
1248771,6073,3
1023089,1128278,3
1095178,8424,3
1040916,82,3
1335337,603,4
1060469,603,4
1164077,53214,1
1040916,1487,1
1269564,1124,4
1269564,37094,2
1269564,13056,4
1411805,116,1
1006609,674,4
1428821,88,4
1248771,10145,3
1411805,174,2
1411805,5,4
1431502,14,3
1153112,8587,2
1232172,672,4
1359307,13342,3
1402655,9346,3
1431502,94730,3
1166493,1430,2
1382434,903,4
1431502,9346,3
1431502,951,1
1163934,9346,3
1232172,12437,3
1168067,2752,5
1167257,14160,4
1071531,11128,1
1026448,12405,3
1176095,245,4
1167257,9366,3
1232172,1141464,3
1168067,1891,3
1163934,1124184,2
1167257,84240,2
1166493,176,4
1167257,36647,3
1016462,1140484,2
1431502,9427,4
1386260,9346,2
1431502,27205,5
1340472,1992,2
1283601,9522,2
1095178,1036942,4
1030327,1031781,5
1444556,16219,5
1263273,9614,3
1263273,9549,5
1023280,2757,3
1263273,16219,2
1283601,12308,3
1030327,345,1
1217322,2114,3
1438178,10483,4
1217572,525,3
1305981,11013,3
1120716,1850,5
1224943,9701,3
1030327,197,5
1263273,4824,4
1379793,74874,2
1120716,9346,1
1120716,11977,4
1263273,10193,2
1133759,920,3
1263273,4706,2
1088280,603,4
1195442,9081,5
1195442,1161932,4
1195442,807,3
1108911,39013,2
1108911,792,5
1108911,88,2
1195442,18785,2
1217572,1894,2
1050425,14168,2
1050425,116,4
1015438,8326,2
1021684,1063754,1
1195442,7518,2
1021684,12263,4
1093680,12246,1
1021684,10189,5
1084056,14,1
1030327,11688,3
1045341,11547,4
1134664,9293,2
1101524,4148,2
1030327,11547,3
1076082,11547,2
1336404,84240,4
1134350,8922,4
1093713,14048,3
1336404,1044456,3
1089311,8068,3
1162875,11836,1
1185972,9615,3
1307713,53214,2
1185814,37495,1
1332972,2277,3
1041536,116,5
1041536,8321,2
1185814,968,4
1106264,137,4
1336404,71014,3
1001585,11547,1
1134664,77,3
1154577,16219,3
1001585,660,3
1270090,423,4
1431502,11547,3
1089311,116,2
1174057,40807,5
1395154,134,3
1135437,524,3
1254369,6479,2
1258710,2898,4
1102408,9870,1
1071531,14,4
1232120,272,4
1319574,9346,3
1115613,77,4
1232120,116,3
1315101,197,4
1019975,36955,3
1019975,762,1
1019975,77,3
1024758,10307,1
1021684,9346,3
1174057,568,2
1026331,9529,4
1038404,213,3
1270090,1213,2
1172418,36647,3
1269633,426,3
1321610,7191,2
1030327,176,5
1150304,863,5
1269633,9366,3
1319574,121,4
1174057,10340,5
1269633,1124,4
1135437,591,4
1071531,141,2
1159537,5,2
1258710,88,3
1101524,197,3
1154577,9741,3
1074459,47174,3
1336404,90,4
1336404,881,3
1178337,1081167,4
1307713,20174,3
1041536,1389,3
1024961,9285,1
1102408,11004,4
1024961,1019638,4
1024961,289,5
1117648,12444,3
1307713,11003,1
1307713,11547,2
1117648,534,4
1258710,5,4
1258710,1164874,3
1319574,2069,3
1024961,5915,3
1093713,1852,4
1307713,49021,1
1319574,10835,3
1134350,1128278,1
1159537,1166958,3
1117648,37430,1
1083111,11547,3
1166408,7555,3
1351134,862,1
1217628,9529,2
1319574,11529,3
1102408,2011,4
1431502,11823,3
1135437,31867,4
1089311,14,4
1166408,5123,5
1308842,1060539,2
1309434,36331,3
1024961,805,4
1309434,863,3
1309434,8321,2
1382434,1146980,1
1171696,11050,4
1061534,609,3
1040783,37368,2
1103356,11547,5
1061534,296,3
1103356,36647,2
1308152,44214,4
1050425,2268,1
1193959,8922,4
1374578,638,3
1374578,80385,5
1357038,75900,3
1171696,12690,1
1374578,1023336,3
1038131,423,4
1038131,1271,5
1089964,11547,4
1362681,278,2
1013490,9913,1
1038131,9836,2
1038131,11547,2
1016462,8424,3
1335337,829,1
1221463,10386,2
1335256,658,2
1221463,470,3
1167449,240,4
1016462,616,2
1167449,8271,1
1267656,5,1
1095294,9346,4
1420053,9806,4
1390693,279,1
1336404,36647,2
1221463,9346,3
1149174,2135,2
1357038,2135,1
1103356,7191,4
1149174,862,5
1083711,1153502,2
1191262,408,3
1196693,1372,3
1196693,1248,3
1006621,1063754,4
1193959,534,5
1335256,4248,2
1013490,37834,3
1221463,674,1
1221463,1173356,3
1013490,9894,3
1335256,9610,3
1370497,424,3
1232172,12205,4
1232172,1098047,2
1095718,14,3
1185628,88,4
1377537,8456,2
1336404,1116,2
1195541,1097590,4
1013490,9390,4
1013490,4512,3
1084267,1895,3
1398996,9346,2
1168067,1091454,2
1297191,36955,2
1320206,2978,3
1149174,116,4
1297191,9346,2
1083711,61791,3
1175353,10110,1
1149174,116,5
1083711,272,5
1050425,783,3
1196701,11547,3
1020256,2135,3
1105114,120,3
1305981,1128278,2
1103356,65294,3
1232172,11529,3
1050425,1892,2
1103356,8068,4
1232172,7459,3
1050425,16219,2
1212764,1083592,2
1061019,36647,3
1089516,16219,4
1050425,853,4
1221463,1046147,3
1036815,311,2
1050425,409,3
1175353,423,5
1175353,7461,5
1103356,559,4
1026504,122,3
1340472,423,2
1103356,2255,1
1094886,594,2
1420053,94730,2
1050425,18196,3
1368662,524,2
1083711,9277,4
1340472,9787,4
1016462,2135,3
1103356,1097590,5
1046861,9529,4
1162516,509,5
1149174,205,2
1371236,77,2
1371236,9346,2
1150771,17654,4
1149174,8584,5
1168086,638,3
1127733,19898,5
1100803,10358,5
1168086,88,5
1446440,926,3
1337821,944,3
1333831,272,2
1086079,857,2
1401113,857,2
1100803,1948,4
1377537,77,2
1301916,810,1
1262047,1164680,4
1375290,1170190,2
1231828,4982,2
1086079,11259,4
1012723,804,3
1445055,1491,5
1419241,643,3
1419241,11639,3
1086079,15373,1
1086079,11967,2
1316932,4614,3
1383745,9529,1
1419241,69,2
1052368,20174,3
1419241,3085,3
1086079,5123,2
1086079,638,4
1421550,10555,5
1029580,643,2
1150771,84240,4
1029580,9383,2
1150176,162,2
1404762,16219,4
1029580,2493,3
1262047,16219,3
1086326,53214,4
1381499,13363,1
1232120,116,4
1150771,59440,1
1089425,37303,2
1370750,64609,3
1150176,330,3
1337821,1562,4
1130116,94730,3
1336457,7518,3
1103845,11547,3
1172418,88,5
1168350,1091454,3
1015026,116,5
1260367,2080,2
1155836,1246,4
1363301,1577,2
1164112,1168473,3
1161010,11529,1
1247340,19908,2
1333831,36668,3
1050201,116,3
1260367,2080,4
1085964,11547,3
1260367,2080,3
1033840,11547,3
1117648,120,4
1117648,9346,4
1050425,9502,1
1085964,116,4
1024758,2300,5
1052368,426,5
1052368,9346,1
1089425,9529,2
1172418,747,2
1029580,16869,3
1085964,11774,3
1268715,3509,4
1375290,32823,4
1082522,853,2
1045341,272,4
1071531,1078391,1
1389782,5,3
1071531,1903,4
1030720,4922,3
1429571,134,5
1119002,4141,1
1119002,116,4
1119002,7942,3
1191894,423,5
1191894,423,3
1191894,6038,4
1129253,10830,4
1061534,11547,2
1072651,2118,1
1112234,1059165,2
1112234,1102118,1
1030720,424,2
1072651,22803,4
1027554,116,3
1027554,88,1
1177933,9346,2
1124178,1452,5
1272867,27205,2
1030720,2253,2
1030720,122,3
1150211,453,4
1129253,9816,2
1129253,11529,3
1061534,22798,2
1224943,7840,4
1367455,9346,3
1299210,829,2
1015026,116,3
1129253,11547,2
1129253,116,1
1195442,11547,3
1224943,2642,3
1224943,44214,2
1161736,1099279,4
1046245,192,3
1046245,629,3
1151322,88,2
1090713,5,2
1224943,1113078,3
1301916,9346,2
1171447,921,5
1171447,116,3
1059259,45612,4
1264225,559,3
1235645,2135,2
1301916,1892,5
1301916,4517,4
1059259,857,3
1297526,88,3
1145700,105,3
1059259,116,5
1059259,338,3
1059259,11452,1
1040066,88,1
1040066,9346,2
1144748,14047,3
1301916,77,1
1083111,115,3
1083111,1562,4
1152220,116,3
1081715,9529,2
1081715,11547,2
1059259,10201,2
1169156,88,4
1204624,37165,2
1341236,9614,1
1351991,116,2
1029580,180,4
1186505,16219,1
1379793,2059,2
1029044,2454,3
1379433,8643,2
1150211,21734,5
1357596,853,2
1445052,1271,2
1445052,1149812,4
1232120,2493,5
1254369,1031479,1
1150211,240,3
1196186,19913,3
1419612,142,2
1076847,9932,2
1394046,4247,2
1031514,1850,3
1419602,11036,4
1247340,11547,1
1026331,36648,4
1379433,1156539,2
1394046,9489,2
1445052,77,3
1144147,6977,5
1026331,17654,3
1349140,116,1
1349140,8872,4
1027785,1124,4
1021684,603,3
1445052,1128278,3
1071531,497,1
1021684,45377,5
1071531,55931,2
1379433,64609,3
1071531,600,1
1379433,289,2
1135508,13291,4
1071531,6957,3
1002672,524,2
1394046,5915,3
1379433,116,4
1151097,423,3
1021684,348,3
1147954,16219,3
1002672,12162,3
1031514,862,1
1009906,9693,2
1022000,9479,4
1357596,122,5
1379433,11529,1
1357596,2502,3
1217572,11547,3
1267656,638,3
1267656,11395,4
1026225,278,2
1303830,10890,1
1379433,44758,2
1248771,77,3
1168067,2787,2
1335301,10229,3
1218796,462,3
1248771,672,2
1248771,872,4
1223785,88,3
1248771,1064297,3
1026225,1430,5
1400945,1051323,4
1246164,2755,1
1246164,16309,3
1379433,2135,4
1307194,10511,3
1171447,11772,1
1379433,2898,2
1077677,116,3
1150666,19913,4
1223785,36331,2
1052678,11547,3
1420278,94730,2
1103214,116,3
1024438,12437,2
1178755,3933,4
1315101,824,2
1289395,1077140,4
1340935,4523,3
1178755,14160,3
1438178,75,2
1196693,603,4
1223785,16025,3
1340935,455,3
1254201,11529,4
1248771,500,3
1340935,962,4
1007002,808,2
1248771,571,2
1248771,9346,1
1120927,10592,4
1094886,186,1
1171447,120,4
1182665,11547,3
1303830,116,3
1353735,9346,2
1052678,1022872,4
1094886,4442,2
1150753,14160,3
1150753,11547,2
1289395,475,4
1094886,205,3
1217322,587,5
1173466,855,2
1178755,423,1
1196693,18,2
1103214,11589,5
1052678,9346,2
1133333,16871,5
1303830,13809,3
1427856,16991,3
1260120,10876,5
1420278,23128,2
1178755,11202,4
1173466,56292,1
1289395,12445,2
1318564,1251,3
1231836,11547,5
1088273,9346,2
1231836,116,1
1161010,2062,3
1436389,809,4
1246164,1946,4
1427856,8656,1
1178755,289,3
1303830,673,4
1438178,7863,2
1420278,3090,5
1002672,4512,2
1002672,88,4
1340935,927,4
1302851,475,4
1026331,11917,5
1030327,9346,4
1216944,11547,4
1223785,1495,3
1386895,1141467,1
1438178,88,4
1223785,22798,5
1026331,9346,3
1024438,118,2
1420278,8587,2
1412282,11619,4
1412282,1141467,1
1331252,43847,3
1077677,8326,4
1077677,9942,5
1177011,24803,2
1172862,1909,2
1231836,11529,4
1151097,89,3
1030327,8963,4
1156900,1248,4
1221463,1060539,5
1353735,36647,4
1353735,9718,2
1244080,38575,1
1217322,12144,4
1444055,96506,1
1158771,1091455,1
1444055,1105341,4
1223785,88,3
1331252,1599,2
1027250,1141467,2
1438043,2359,3
1002672,767,2
1162875,9346,5
1094886,2118,2
1315101,69,3
1223785,85097,4
1153112,348,3
1137710,10911,5
1098368,44048,3
1254201,769,4
1438043,2135,2
1151097,401,4
1095718,7345,3
1071531,11631,4
1027250,524,1
1432202,59436,4
1369691,752,1
1010979,408,2
1095718,14160,5
1131782,8321,5
1438043,11324,2
1438043,3114,2
1438043,11529,5
1082764,5,4
1138188,9913,2
1438043,1077140,1
1244160,77,5
1026504,1141467,3
1438043,89,2
1010979,2135,3
1071531,7518,2
1026331,9366,5
1239868,252,2
1014807,9614,1
1014807,116,4
1072553,8413,3
1077677,10376,1
1072553,8413,3
1320206,10730,1
1333831,197,4
1072553,8413,2
1040066,857,2
1139271,11547,3
1033840,1024,3
1026504,4523,4
1040066,1167195,2
1219021,2787,4
1240159,65,2
1166408,88494,3
1240159,395,1
1136088,1164874,2
1010093,1832,3
1010093,426,1
1156900,10835,2
1010093,88,1
1089829,116,5
1156900,1097104,3
1036559,8068,2
1145381,11547,4
1180876,9346,5
1137285,9539,4
1156900,1422,5
1320206,9285,5
1369691,20174,4
1095718,116,2
1156900,88,4
1128351,8469,2
1166408,185,5
1095718,10673,2
1065041,116,4
1144833,638,4
1054536,10774,3
1014807,11529,2
1052985,88,3
1089829,6538,2
1240159,804,1
1024273,120,2
1344285,497,4
1024273,88,4
1353998,22954,2
1156900,1813,4
1156900,1128278,3
1432202,550,4
1320206,6978,4
1413766,829,3
1351777,118,5
1004839,9529,3
1143109,77,3
1143109,423,3
1437579,11547,4
1145381,1091455,3
1013490,1493,4
1351777,36955,3
1369691,10603,2
1167105,6278,4
1217473,510,4
1150555,45269,4
1438043,747,2
1217473,2135,2
1150555,37368,3
1130979,4922,3
1088280,10663,1
1395637,2135,1
1351777,9384,2
1351777,408,3
1351777,1427,1
1157698,77,2
1444556,10191,4
1351777,5123,3
1240175,197,2
1036559,38903,3
1413766,88,4
1247795,866,5
1157698,97794,2
1369691,44214,3
1038404,1099279,3
1036559,5,5
1182459,920,2
1024273,470,3
1423113,10377,2
1120716,53214,1
1083526,94730,3
1149174,180,3
1011133,6282,5
1024273,534,4
1217473,8193,4
1217473,2770,3
1167105,11324,5
1354038,10972,4
1217473,240,3
1024273,1251,3
1392490,1270,1
1202626,424,3
1082764,1580,2
1082764,8619,2
1102439,22881,1
1144833,594,5
1167105,1270,3
1432202,1083591,3
1320206,2135,3
1167105,4474,3
1320206,10876,1
1320206,497,4
1102439,9942,3
1036559,2135,5
1362251,11547,2
1263739,524,2
1022259,8321,1
1147731,12405,3
1320206,674,2
1071531,4964,5
1147731,1995,3
1392490,615,1
1071531,18405,2
1091720,11001,1
1444556,10191,4
1362251,14,2
1010093,120,3
1362251,11282,3
1362251,921,5
1082764,185,2
1346086,2289,3
1362251,6477,2
1362251,808,3
1082764,7863,2
1346086,10198,3
1320206,747,3
1351777,6973,4
1168350,19908,4
1335272,15144,1
1239868,28355,5
1180876,94730,2
1351777,120,2
1103590,651,3
1166493,1893,1
1196596,121,5
1362251,2135,3
1027785,62568,4
1289395,242,4
1367663,2048,3
1082764,857,5
1201085,772,1
1418328,29610,2
1040916,35791,4
1040916,329,1
1201929,12100,2
1040916,15121,2
1089516,11529,5
1284549,9477,4
1174057,37165,2
1089516,345,2
1312818,11547,2
1284549,855,1
1095952,43847,2
1308025,5255,1
1095952,5,3
1081500,1562,3
1355729,22881,2
1012368,1128278,3
1012281,1083591,5
1415018,285,1
1431502,11253,2
1012281,2135,3
1333831,280,3
1171159,8961,2
1069126,1989,1
1237866,79718,5
1237866,11547,2
1305613,453,5
1027785,769,1
1096178,1389,3
1100294,398,4
1027785,1777,5
1445052,6477,5
1445052,4108,3
1201085,11547,2
1147238,44214,3
1130116,622,4
1242240,1097590,2
1237866,8367,5
1095952,2135,2
1027785,9955,3
1106264,9346,4
1392965,1018573,4
1012368,116,2
1196186,1128682,4
1137285,9739,2
1201085,1895,2
1382434,116,3
1392965,8913,4
1392965,13342,4
1444055,37303,4
1098368,1422,4
1017127,767,3
1196596,1160673,1
1417447,11547,3
1417447,2135,2
1126945,9008,5
1193959,9390,2
1193959,197,3
1022382,1948,4
1178337,2493,2
1017127,14160,4
1420278,4982,2
1307015,9016,4
1338166,525,3
1022583,71,4
1420278,862,5
1305613,45612,1
1418736,116,1
1098368,9346,1
1417447,856,4
1444055,11547,2
1417816,10027,3
1141317,14,2
1137285,11969,2
1085450,1370,3
1201085,5,4
1103834,652,3
1102408,9346,2
1444055,675,5
1312699,7191,4
1431502,94730,5
1171159,105,3
1040916,11778,4
1171159,524,3
1040916,1135249,5
1137285,11547,2
1372813,812,4
1015245,48988,5
1201929,11547,4
1130116,18196,2
1331945,22538,3
1201929,88,1
1090979,10637,2
1171159,73,3
1201929,9913,5
1171159,510,4
1100294,10684,2
1041536,817,4
1154561,90291,1
1014807,197,4
1355729,12556,3
1124936,11282,4
1193959,657,3
1357596,809,3
1171159,116,5
1171159,88,4
1124936,1163061,3
1418736,88,2
1134350,116,3
1305613,9007,1
1061810,4638,2
1420278,24420,2
1094886,217,5
1154561,4638,2
1154561,37368,4
1124936,118,2
1178337,19908,5
1134350,69,4
1253949,2135,3
1084372,544,5
1191532,59440,1